,Current Time,Price,Moving Average,Action
0,19:21:10,48.77124881744385,48.80888,BUY
1,19:21:10,48.7862491607666,48.80146,BUY
2,19:21:10,48.77999877929688,48.79493,BUY
3,19:21:10,48.7450008392334,48.78053,BUY
4,19:21:10,48.77999973297119,48.78038,BUY
5,19:21:10,48.85375118255615,48.80021,SELL
6,19:21:10,48.89249897003174,48.91289,BUY
7,19:21:10,48.91374969482422,48.91311,SELL
8,19:21:10,48.922499656677246,48.94685,BUY
9,19:21:10,48.898024559021,48.93464,BUY
10,19:21:10,48.87375068664551,48.91941,BUY
11,19:21:10,48.86875057220459,48.90674,BUY
12,19:21:10,48.8700008392334,48.89755,BUY
13,19:21:10,48.907498359680176,48.90004,SELL
14,19:21:10,49.21500015258789,49.21744,BUY
15,19:21:10,49.20249938964844,49.2137,BUY
16,19:21:10,49.17749881744385,49.20465,BUY
17,19:21:10,49.16249942779541,49.19411,BUY
18,19:21:10,49.194499015808105,49.19421,SELL
19,19:21:10,49.27499866485596,49.27558,BUY
20,19:21:10,49.251874923706055,49.26965,BUY
21,19:21:10,49.22999954223633,49.25974,BUY
22,19:21:10,49.2524995803833,49.25793,BUY
23,19:21:10,49.26749897003174,49.26032,SELL
24,19:21:10,49.2524995803833,49.26206,BUY
25,19:21:10,49.28750038146973,49.26842,SELL
26,19:21:10,49.3412504196167,49.34402,BUY
27,19:21:10,49.3818244934082,49.35347,SELL
28,19:21:10,49.66999816894531,49.6747,BUY
29,19:21:10,49.71417427062988,49.68457,SELL
30,19:21:10,49.68374919891357,49.68436,BUY
31,19:21:10,49.69375038146973,49.68671,SELL
32,19:21:10,49.66374969482422,49.68097,BUY
33,19:21:10,49.607500076293945,49.6626,BUY
34,19:21:10,49.611249923706055,49.64976,BUY
35,19:21:10,49.63249969482422,49.64545,BUY
36,19:21:10,49.65250110626221,49.64721,SELL
37,19:21:10,49.642499923706055,49.65281,BUY
38,19:21:10,49.570000648498535,49.63211,BUY
39,19:21:10,49.56999969482422,49.61658,BUY
40,19:21:10,49.53999900817871,49.59743,BUY
41,19:21:10,49.540000915527344,49.58308,BUY
42,19:21:10,49.567501068115234,49.57918,BUY
43,19:21:10,49.52499866485596,49.56564,BUY
44,19:21:10,49.52000045776367,49.55423,BUY
45,19:21:10,49.5550012588501,49.55442,SELL
46,19:21:10,49.5287504196167,49.56012,BUY
47,19:21:10,49.53375053405762,49.55353,BUY
48,19:21:10,49.53249931335449,49.54827,BUY
49,19:21:10,49.459999084472656,49.5262,BUY
50,19:21:10,49.4350004196167,49.5034,BUY
51,19:21:10,49.43999862670898,49.48755,BUY
52,19:21:10,49.4350004196167,49.47441,BUY
53,19:21:10,49.43124961853027,49.46362,BUY
54,19:21:10,49.46250057220459,49.46334,BUY
55,19:21:10,49.48124980926514,49.46782,SELL
56,19:21:10,49.52250003814697,49.54647,BUY
57,19:21:10,49.53999996185303,49.54485,BUY
58,19:21:10,49.535000801086426,49.54239,BUY
59,19:21:10,49.540000915527344,49.54179,BUY
60,19:21:10,49.59000015258789,49.55384,SELL
61,19:21:10,49.55624866485596,49.55935,BUY
62,19:21:10,49.55249977111816,49.55764,BUY
63,19:21:10,49.5649995803833,49.55948,SELL
64,19:21:10,49.56125068664551,49.5649,BUY
65,19:21:10,49.47375011444092,49.54211,BUY
66,19:21:10,49.47999954223633,49.52658,BUY
67,19:21:10,49.43869972229004,49.50461,BUY
68,19:21:10,49.3725004196167,49.47158,BUY
69,19:21:10,49.37625026702881,49.44775,BUY
70,19:21:10,49.379024505615234,49.43057,BUY
71,19:21:10,49.36499881744385,49.41418,BUY
72,19:21:10,49.380001068115234,49.40563,BUY
73,19:21:10,49.3512487411499,49.39204,BUY
74,19:21:10,49.36000061035156,49.38403,BUY
75,19:21:10,49.34000015258789,49.37302,BUY
76,19:21:10,49.33000183105469,49.36227,BUY
77,19:21:10,49.359999656677246,49.3617,BUY
78,19:21:10,49.382500648498535,49.3669,SELL
79,19:21:11,49.46375179290772,49.47007,BUY
80,19:21:11,49.44999885559082,49.46505,BUY
81,19:21:11,49.42250061035156,49.45442,BUY
82,19:21:11,49.43499851226807,49.44956,BUY
83,19:21:11,49.407501220703125,49.43905,BUY
84,19:21:11,49.38125038146973,49.4246,BUY
85,19:21:11,49.33000183105469,49.40095,BUY
86,19:21:11,49.32499980926514,49.38196,BUY
87,19:21:11,49.32725143432617,49.36828,BUY
88,19:21:11,49.35249900817871,49.36434,BUY
89,19:21:11,49.357500076293945,49.36263,BUY
90,19:21:11,49.34000015258789,49.35697,BUY
91,19:21:11,49.31999969482422,49.34773,BUY
92,19:21:11,49.27999877929688,49.3308,BUY
93,19:21:11,49.3075008392334,49.32497,BUY
94,19:21:11,49.29750061035156,49.3181,BUY
95,19:21:11,49.3050012588501,49.31483,BUY
96,19:21:11,49.31750011444092,49.3155,SELL
97,19:21:11,49.29999923706055,49.31162,BUY
98,19:21:11,49.28249931335449,49.30434,BUY
99,19:21:11,49.27000045776367,49.29576,BUY
100,19:21:11,49.220001220703125,49.27682,BUY
101,19:21:11,49.23750114440918,49.26699,BUY
102,19:21:11,49.2524995803833,49.26337,BUY
103,19:21:11,49.2400016784668,49.25753,BUY
104,19:21:11,49.2400016784668,49.25314,BUY
105,19:21:11,49.24965000152588,49.25227,BUY
106,19:21:11,49.33000087738037,49.2717,SELL
107,19:21:11,49.27499866485596,49.28275,BUY
108,19:21:11,49.209999084472656,49.26456,BUY
109,19:21:11,49.195000648498535,49.24717,BUY
110,19:21:11,49.18999862670898,49.23288,BUY
111,19:21:11,49.132500648498535,49.20778,BUY
112,19:21:11,49.13750076293945,49.19021,BUY
113,19:21:11,49.17500019073486,49.18641,BUY
114,19:21:11,49.142499923706055,49.17543,BUY
115,19:21:11,49.11499881744385,49.16032,BUY
116,19:21:11,49.140000343322754,49.15524,BUY
117,19:21:11,49.16249847412109,49.15706,SELL
118,19:21:11,49.09500026702881,49.15474,BUY
119,19:21:11,49.04624938964844,49.12762,BUY
120,19:21:11,49.05999946594238,49.11071,BUY
121,19:21:11,49.10000133514404,49.10804,BUY
122,19:21:11,49.09999847412109,49.10603,BUY
123,19:21:11,49.09499931335449,49.10327,BUY
124,19:21:11,49.14750003814697,49.11433,SELL
125,19:21:11,49.167500495910645,49.19902,BUY
126,19:21:11,49.12249946594238,49.17989,BUY
127,19:21:11,49.07250022888184,49.15304,BUY
128,19:21:11,49.07002544403076,49.13229,BUY
129,19:21:11,49.054999351501465,49.11297,BUY
130,19:21:11,49.05500030517578,49.09847,BUY
131,19:21:11,49.02000045776367,49.07886,BUY
132,19:21:11,49.0550012588501,49.07289,BUY
133,19:21:11,49.02000045776367,49.05967,BUY
134,19:21:11,49.01625061035156,49.04881,BUY
135,19:21:11,49.01249885559082,49.03974,BUY
136,19:21:11,48.9975004196167,49.02918,BUY
137,19:21:11,48.97249889373779,49.01501,BUY
138,19:21:11,48.9449987411499,48.99751,BUY
139,19:21:11,48.9975004196167,48.9975,SELL
140,19:21:11,48.99499988555908,49.00637,BUY
141,19:21:11,48.972500801086426,48.9979,BUY
142,19:21:11,48.977500915527344,48.9928,BUY
143,19:21:11,49.0049991607666,48.99585,SELL
144,19:21:11,48.972500801086426,48.9936,BUY
145,19:21:11,48.972500801086426,48.98833,BUY
146,19:21:11,48.9598503112793,48.98121,BUY
147,19:21:11,48.98500156402588,48.98216,SELL
148,19:21:11,48.984999656677246,48.99696,BUY
149,19:21:11,48.9737491607666,48.99115,BUY
150,19:21:11,48.98749923706055,48.99024,BUY
151,19:21:11,48.96500110626221,48.98393,BUY
152,19:21:11,48.91749954223633,48.96732,BUY
153,19:21:11,48.93000030517578,48.95799,BUY
154,19:21:11,48.92749977111816,48.95037,BUY
155,19:21:11,48.89499950408936,48.93653,BUY
156,19:21:11,48.83750057220459,48.91177,BUY
157,19:21:11,48.84249973297119,48.89445,BUY
158,19:21:11,48.80000019073486,48.87084,BUY
159,19:21:11,48.75749969482422,48.8425,BUY
160,19:21:11,48.6924991607666,48.805,BUY
161,19:21:11,48.71749973297119,48.78313,BUY
162,19:21:11,48.682498931884766,48.75797,BUY
163,19:21:11,48.6612491607666,48.73379,BUY
164,19:21:11,48.64500045776367,48.71159,BUY
165,19:21:11,48.63749980926514,48.69307,BUY
166,19:21:11,48.70749950408936,48.69668,SELL
167,19:21:11,48.65999984741211,48.69153,BUY
168,19:21:11,48.63249969482422,48.67677,BUY
169,19:21:11,48.59499931335449,48.65633,BUY
170,19:21:11,48.547499656677246,48.62912,BUY
171,19:21:11,48.52999877929688,48.60434,BUY
172,19:21:11,48.48749923706055,48.57513,BUY
173,19:21:11,48.4449987411499,48.5426,BUY
174,19:21:11,48.52999973297119,48.53945,BUY
175,19:21:11,48.51749897003174,48.53396,BUY
176,19:21:11,48.492499351501465,48.5236,BUY
177,19:21:11,48.46999931335449,48.5102,BUY
178,19:21:11,48.50249862670898,48.50827,BUY
179,19:21:11,48.472500801086426,48.49933,BUY
180,19:21:11,48.47749996185303,48.49387,BUY
181,19:21:11,48.46249866485596,48.48603,BUY
182,19:21:11,48.47249984741211,48.48265,BUY
183,19:21:11,48.4350004196167,48.47073,BUY
184,19:21:11,48.40500068664551,48.4543,BUY
185,19:21:11,48.39750003814697,48.4401,BUY
186,19:21:11,48.43999862670898,48.44008,BUY
187,19:21:11,48.47999954223633,48.45006,SELL
188,19:21:11,48.71000099182129,48.71489,BUY
189,19:21:11,48.632500648498535,48.69429,BUY
190,19:21:11,48.61500072479248,48.67447,BUY
191,19:21:11,48.709999084472656,48.68335,SELL
192,19:21:11,48.68499946594238,48.69755,BUY
193,19:21:11,48.60875129699707,48.67535,BUY
194,19:21:11,48.61637592315674,48.6606,BUY
195,19:21:11,48.66499996185303,48.6617,SELL
196,19:21:11,48.65500068664551,48.66003,BUY
197,19:21:11,48.65499973297119,48.65877,BUY
198,19:21:11,48.5625,48.6347,BUY
199,19:21:11,48.51324939727783,48.60434,BUY
200,19:21:11,48.451250076293945,48.56607,BUY
201,19:21:11,48.375,48.5183,BUY
202,19:21:11,48.441250801086426,48.49904,BUY
203,19:21:11,48.55250072479248,48.5124,SELL
204,19:21:11,48.55999946594238,48.56901,BUY
205,19:21:11,48.53749942779541,48.56113,BUY
206,19:21:11,48.5024995803833,48.54647,BUY
207,19:21:11,48.542500495910645,48.54548,BUY
208,19:21:11,48.54250144958496,48.54474,BUY
209,19:21:11,48.5962495803833,48.55761,SELL
210,19:21:11,48.78999900817871,48.79399,BUY
211,19:21:11,48.78750038146973,48.79236,BUY
212,19:21:11,48.75000095367432,48.78177,BUY
213,19:21:11,48.7450008392334,48.77258,BUY
214,19:21:11,48.75374984741211,48.76787,BUY
215,19:21:11,48.78250026702881,48.77153,SELL
216,19:21:11,48.75500011444092,48.7674,BUY
217,19:21:11,48.71000003814697,48.75305,BUY
218,19:21:11,48.73,48.74729,BUY
219,19:21:11,47.6615,48.47584,BUY
220,19:21:11,48.31,48.43438,BUY
221,19:21:11,48.69,48.49828,SELL
