,Current Time,Price,Moving Average,Action
0,18:24:54,10.795000076293945,,
1,18:24:54,10.77500033378601,,
2,18:24:54,10.762500286102295,,
3,18:24:54,10.756250143051147,10.7678,BUY
4,18:24:54,10.765000343322754,10.76688,BUY
5,18:24:54,10.783750057220459,10.77201,SELL
6,18:24:54,10.793750047683716,10.77828,SELL
7,18:24:54,10.798750162124634,10.78397,SELL
8,18:24:54,10.793750047683716,10.78661,SELL
9,18:24:54,10.791249990463257,10.78784,SELL
10,18:24:54,10.797500133514404,10.79036,SELL
11,18:24:54,10.78125,10.78801,BUY
12,18:24:54,10.771250247955322,10.78372,BUY
13,18:24:54,10.774999856948853,10.7815,BUY
14,18:24:54,10.771250247955322,10.7789,BUY
15,18:24:54,10.760000228881836,10.77413,BUY
16,18:24:54,10.765000343322754,10.77183,BUY
17,18:24:54,10.757499933242798,10.76823,BUY
18,18:24:54,10.756250143051147,10.76522,BUY
19,18:24:54,10.773749828338623,10.76736,SELL
20,18:24:54,10.773749828338623,10.76896,SELL
21,18:24:54,10.774999856948853,10.77047,SELL
22,18:24:54,10.788750171661377,10.77505,SELL
23,18:24:54,10.802500247955322,10.78192,SELL
24,18:24:54,10.798750162124634,10.78613,SELL
25,18:24:54,10.791749954223633,10.78754,SELL
26,18:24:54,10.803750276565552,10.79159,SELL
27,18:24:54,10.803750276565552,10.79463,SELL
28,18:24:54,10.805000305175781,10.79722,SELL
29,18:24:54,10.81374979019165,10.80136,SELL
30,18:24:54,10.820950031280518,10.80626,SELL
31,18:24:54,10.824999809265137,10.81094,SELL
32,18:24:54,10.819999694824219,10.81321,SELL
33,18:24:54,10.81374979019165,10.81334,SELL
34,18:24:54,10.81374979019165,10.81344,SELL
35,18:24:54,10.823749780654907,10.81602,SELL
36,18:24:54,10.819999694824219,10.81702,SELL
37,18:24:54,10.826250076293945,10.81932,SELL
38,18:24:54,10.818749904632568,10.81918,BUY
39,18:24:54,10.823749780654907,10.82032,SELL
40,18:24:54,10.82354998588562,10.82113,SELL
41,18:24:54,10.81624984741211,10.81991,BUY
42,18:24:54,10.806625127792358,10.81659,BUY
43,18:24:54,10.821249961853027,10.81775,SELL
44,18:24:54,10.826249837875366,10.81988,SELL
45,18:24:54,10.81000018119812,10.81741,BUY
46,18:24:54,10.805000305175781,10.81431,BUY
47,18:24:54,10.805000305175781,10.81198,BUY
48,18:24:54,10.805000305175781,10.81023,BUY
49,18:24:54,10.796250104904175,10.80674,BUY
50,18:24:54,10.795000076293945,10.8038,BUY
51,18:24:54,10.789999961853027,10.80035,BUY
52,18:24:54,10.786249876022339,10.79683,BUY
53,18:24:54,10.787499904632568,10.7945,BUY
54,18:24:54,10.792500019073486,10.794,BUY
55,18:24:54,10.803750276565552,10.79643,SELL
56,18:24:54,10.819999933242798,10.80233,SELL
57,18:24:54,10.824999809265137,10.80799,SELL
58,18:24:54,10.835000038146973,10.81475,SELL
59,18:24:54,10.847500324249268,10.82293,SELL
60,18:24:54,10.848750114440918,10.82939,SELL
61,18:24:54,10.852500200271606,10.83517,SELL
62,18:24:54,10.84125018119812,10.83669,SELL
63,18:24:54,10.84000015258789,10.83752,SELL
64,18:24:54,10.836250066757202,10.8372,BUY
65,18:24:54,10.826249837875366,10.83446,BUY
66,18:24:54,10.824999809265137,10.8321,BUY
67,18:24:54,10.824999809265137,10.83032,BUY
68,18:24:54,10.833750009536743,10.83118,SELL
69,18:24:54,10.826249837875366,10.82995,BUY
70,18:24:54,10.81499981880188,10.82621,BUY
71,18:24:54,10.81374979019165,10.8231,BUY
72,18:24:54,10.81125020980835,10.82013,BUY
73,18:24:54,10.8100004196167,10.8176,BUY
74,18:24:54,10.81374979019165,10.81664,BUY
75,18:24:54,10.812500238418579,10.8156,BUY
76,18:24:54,10.803750276565552,10.81264,BUY
77,18:24:54,10.803750276565552,10.81042,BUY
78,18:24:54,10.803750276565552,10.80875,BUY
79,18:24:54,10.81125020980835,10.80938,SELL
80,18:24:54,10.812499761581421,10.81016,SELL
81,18:24:54,10.807500123977661,10.80949,BUY
82,18:24:54,10.803750276565552,10.80806,BUY
83,18:24:54,10.812524795532227,10.80917,SELL
84,18:24:54,10.81499981880188,10.81063,SELL
85,18:24:54,10.821249961853027,10.81329,SELL
86,18:24:54,10.824999809265137,10.81621,SELL
87,18:24:54,10.826249837875366,10.81872,SELL
88,18:24:54,10.823749780654907,10.81998,SELL
89,18:24:54,10.824999809265137,10.82123,SELL
90,18:24:54,10.831249952316284,10.82374,SELL
91,18:24:54,10.821249723434448,10.82312,BUY
92,18:24:54,10.823749780654907,10.82327,SELL
93,18:24:54,10.832499980926514,10.82558,SELL
94,18:24:54,10.835000038146973,10.82794,SELL
95,18:24:54,10.832499980926514,10.82908,SELL
96,18:24:54,10.826249837875366,10.82837,BUY
97,18:24:54,10.824999809265137,10.82753,BUY
98,18:24:54,10.821249723434448,10.82596,BUY
99,18:24:54,10.821249723434448,10.82478,BUY
100,18:24:54,10.813750267028809,10.82202,BUY
101,18:24:54,10.81125020980835,10.81933,BUY
102,18:24:54,10.81499981880188,10.81825,BUY
103,18:24:54,10.817499876022339,10.81806,BUY
104,18:24:54,10.81374979019165,10.81698,BUY
105,18:24:54,10.822499990463257,10.81836,SELL
106,18:24:54,10.835000038146973,10.82252,SELL
107,18:24:54,10.829999923706055,10.82439,SELL
108,18:24:54,10.826249837875366,10.82486,SELL
109,18:24:54,10.824999809265137,10.82489,SELL
110,18:24:54,10.845000267028809,10.82992,SELL
111,18:24:54,10.862499952316284,10.83806,SELL
112,18:24:54,10.857499599456787,10.84292,SELL
113,18:24:54,10.854999780654907,10.84594,SELL
114,18:24:54,10.858749628067017,10.84914,SELL
115,18:24:54,10.867449760437012,10.85372,SELL
116,18:24:54,10.863699913024902,10.85622,SELL
117,18:24:54,10.871249914169312,10.85997,SELL
118,18:24:54,10.868699789047241,10.86216,SELL
119,18:24:54,10.863749742507935,10.86255,SELL
120,18:24:54,10.861249685287476,10.86223,BUY
121,18:24:54,10.854999780654907,10.86042,BUY
122,18:24:54,10.862499713897705,10.86094,SELL
123,18:24:54,10.868749856948853,10.86289,SELL
124,18:24:54,10.87374997138977,10.86561,SELL
125,18:24:54,10.880000114440918,10.86921,SELL
126,18:24:54,10.888750314712524,10.87409,SELL
127,18:24:54,10.883750200271606,10.87651,SELL
128,18:24:54,10.885000228881836,10.87863,SELL
129,18:24:54,10.883750200271606,10.87991,SELL
130,18:24:54,10.885000228881836,10.88118,SELL
131,18:24:54,10.883750200271606,10.88182,SELL
132,18:24:54,10.885725259780884,10.8828,SELL
133,18:24:54,10.892500400543213,10.88522,SELL
134,18:24:54,10.887500286102295,10.88579,SELL
135,18:24:54,10.903749942779541,10.89028,SELL
136,18:24:54,10.922500133514404,10.89834,SELL
137,18:24:54,10.915925025939941,10.90273,SELL
138,18:24:54,10.913749933242798,10.90549,SELL
139,18:24:54,10.90749979019165,10.90599,SELL
140,18:24:54,10.902499914169312,10.90512,BUY
141,18:24:54,10.903749704360962,10.90478,BUY
142,18:24:54,10.901249647140503,10.90389,BUY
143,18:24:54,10.892500162124634,10.90105,BUY
144,18:24:54,10.895000219345093,10.89953,BUY
145,18:24:54,10.902499914169312,10.90028,SELL
146,18:24:54,10.902499675750732,10.90083,SELL
147,18:24:54,10.904224872589111,10.90168,SELL
148,18:24:54,10.90874981880188,10.90345,SELL
149,18:24:54,10.904999732971191,10.90384,SELL
150,18:24:54,10.921250104904175,10.90819,SELL
151,18:24:54,10.917500019073486,10.91052,SELL
152,18:24:54,10.914999961853027,10.91164,SELL
153,18:24:54,10.901249885559082,10.90904,BUY
154,18:24:54,10.892500162124634,10.90491,BUY
155,18:24:54,10.892250299453735,10.90174,BUY
156,18:24:54,10.897499799728394,10.90068,BUY
157,18:24:54,10.892500162124634,10.89864,BUY
158,18:24:54,10.877500057220459,10.89335,BUY
159,18:24:54,10.883750200271606,10.89095,BUY
160,18:24:54,10.886250257492065,10.88978,BUY
161,18:24:54,10.894999742507935,10.89108,SELL
162,18:24:54,10.883750200271606,10.88925,BUY
163,18:24:54,10.881250143051147,10.88725,BUY
164,18:24:54,10.885000228881836,10.88669,BUY
165,18:24:54,10.880000114440918,10.88502,BUY
166,18:24:54,10.875,10.88251,BUY
167,18:24:54,10.871249914169312,10.8797,BUY
168,18:24:54,10.87625002861023,10.87883,BUY
169,18:24:54,10.877500057220459,10.8785,BUY
170,18:24:54,10.877424955368042,10.87823,BUY
171,18:24:54,10.87374997138977,10.87711,BUY
172,18:24:54,10.87374997138977,10.87627,BUY
173,18:24:54,10.875,10.87595,BUY
174,18:24:54,10.87625002861023,10.87603,SELL
175,18:24:54,10.87374997138977,10.87546,BUY
176,18:24:54,10.875,10.87534,BUY
177,18:24:54,10.875,10.87526,BUY
178,18:24:54,10.877500057220459,10.87582,SELL
179,18:24:54,10.882500171661377,10.87749,SELL
180,18:24:54,10.881250143051147,10.87843,SELL
181,18:24:54,10.890000343322754,10.88132,SELL
182,18:24:54,10.886650323867798,10.88265,SELL
183,18:24:54,10.897499799728394,10.88637,SELL
184,18:24:54,10.896250247955322,10.88884,SELL
185,18:24:54,10.896250247955322,10.89069,SELL
186,18:24:54,10.896250247955322,10.89208,SELL
187,18:24:54,10.896250247955322,10.89312,SELL
188,18:24:54,10.893750429153442,10.89328,SELL
189,18:24:54,10.892500162124634,10.89308,BUY
190,18:24:54,10.886250257492065,10.89138,BUY
191,18:24:54,10.901249885559082,10.89384,SELL
192,18:24:54,10.906249761581421,10.89695,SELL
193,18:24:54,10.904999732971191,10.89896,SELL
194,18:24:54,10.90749979019165,10.90109,SELL
195,18:24:54,10.917500019073486,10.9052,SELL
196,18:24:54,10.916249990463257,10.90796,SELL
197,18:24:54,10.914999961853027,10.90972,SELL
198,18:24:54,10.911249876022339,10.9101,SELL
199,18:24:54,10.90999984741211,10.91008,BUY
200,18:24:54,10.912499904632568,10.91068,SELL
201,18:24:54,10.913749933242798,10.91145,SELL
202,18:24:54,10.913749933242798,10.91202,SELL
203,18:24:54,10.914999961853027,10.91277,SELL
204,18:24:54,10.912499904632568,10.9127,BUY
205,18:24:54,10.911249876022339,10.91234,BUY
206,18:24:54,10.913749933242798,10.91269,SELL
207,18:24:54,10.913749933242798,10.91296,SELL
208,18:24:54,10.906249761581421,10.91128,BUY
209,18:24:54,10.920000076293945,10.91346,SELL
210,18:24:54,10.921250104904175,10.91541,SELL
211,18:24:54,10.90874981880188,10.91374,BUY
212,18:24:54,10.904999732971191,10.91156,BUY
213,18:24:54,10.904999732971191,10.90992,BUY
214,18:24:54,10.90999984741211,10.90994,SELL
215,18:24:54,10.903749704360962,10.90839,BUY
216,18:24:54,10.897500276565552,10.90567,BUY
217,18:24:54,10.899999856948853,10.90425,BUY
218,18:24:54,10.901249647140503,10.9035,BUY
219,18:24:54,10.901249647140503,10.90294,BUY
220,18:24:54,10.901249647140503,10.90252,BUY
221,18:24:54,10.902499675750732,10.90251,BUY
222,18:24:54,10.901249647140503,10.9022,BUY
223,18:24:54,10.901249647140503,10.90196,BUY
224,18:24:54,10.901249647140503,10.90178,BUY
225,18:24:54,10.893750190734863,10.89977,BUY
226,18:24:54,10.892500162124634,10.89796,BUY
227,18:24:54,10.891250371932983,10.89628,BUY
228,18:24:54,10.893750429153442,10.89565,BUY
229,18:24:54,10.901249885559082,10.89705,SELL
230,18:24:54,10.902499675750732,10.89841,SELL
231,18:24:54,10.904999732971191,10.90006,SELL
232,18:24:54,10.893750190734863,10.89848,BUY
233,18:24:54,10.894975423812866,10.8976,BUY
234,18:24:54,10.901249885559082,10.89852,SELL
235,18:24:54,10.912499904632568,10.90201,SELL
236,18:24:54,10.917500019073486,10.90588,SELL
237,18:24:54,10.90749979019165,10.90629,SELL
238,18:24:54,10.90999984741211,10.90722,SELL
239,18:24:54,10.916249990463257,10.90947,SELL
240,18:24:54,10.913749933242798,10.91054,SELL
241,18:24:54,10.917500019073486,10.91228,SELL
242,18:24:54,10.921250104904175,10.91452,SELL
243,18:24:54,10.921250104904175,10.91621,SELL
244,18:24:54,10.923750162124634,10.91809,SELL
245,18:24:54,10.925000190734863,10.91982,SELL
246,18:24:54,10.923750162124634,10.9208,SELL
247,18:24:54,10.922500133514404,10.92123,SELL
248,18:24:54,10.923750162124634,10.92186,SELL
249,18:24:54,10.925000190734863,10.92264,SELL
250,18:24:54,10.922500133514404,10.92261,BUY
251,18:24:54,10.912499904632568,10.92008,BUY
252,18:24:54,10.911249876022339,10.91787,BUY
253,18:24:54,10.911249876022339,10.91622,BUY
254,18:24:54,10.904999732971191,10.91341,BUY
255,18:24:54,10.902099609375,10.91058,BUY
256,18:24:54,10.892500162124634,10.90606,BUY
257,18:24:54,10.891250371932983,10.90236,BUY
258,18:24:54,10.892200231552124,10.89982,BUY
259,18:24:54,10.891250371932983,10.89768,BUY
260,18:24:54,10.891250371932983,10.89607,BUY
261,18:24:54,10.892250299453735,10.89512,BUY
262,18:24:54,10.897499799728394,10.89571,SELL
263,18:24:54,10.892500162124634,10.89491,BUY
264,18:24:54,10.891250371932983,10.89399,BUY
265,18:24:54,10.891250371932983,10.89331,BUY
266,18:24:54,10.899999856948853,10.89498,SELL
267,18:24:54,10.901249647140503,10.89655,SELL
268,18:24:54,10.904999732971191,10.89866,SELL
269,18:24:54,10.90999984741211,10.9015,SELL
270,18:24:54,10.911249876022339,10.90393,SELL
271,18:24:54,10.911249876022339,10.90576,SELL
272,18:24:54,10.911249876022339,10.90713,SELL
273,18:24:54,10.903749704360962,10.90629,BUY
274,18:24:54,10.904999732971191,10.90597,BUY
275,18:24:54,10.903749704360962,10.90541,BUY
276,18:24:54,10.912424802780151,10.90717,SELL
277,18:24:54,10.911249876022339,10.90819,SELL
278,18:24:54,10.913749933242798,10.90958,SELL
279,18:24:54,10.911249876022339,10.91,SELL
280,18:24:54,10.911249876022339,10.91031,SELL
281,18:24:54,10.914999961853027,10.91148,SELL
282,18:24:54,10.914999961853027,10.91236,SELL
283,18:24:54,10.923750162124634,10.91521,SELL
284,18:24:54,10.922500133514404,10.91703,SELL
285,18:24:54,10.916249990463257,10.91684,BUY
286,18:24:54,10.912499904632568,10.91575,BUY
287,18:24:54,10.913749933242798,10.91525,BUY
288,18:24:54,10.912499904632568,10.91456,BUY
289,18:24:54,10.911249876022339,10.91374,BUY
290,18:24:54,10.912499904632568,10.91343,BUY
291,18:24:54,10.913749933242798,10.91351,SELL
292,18:24:54,10.906249761581421,10.91169,BUY
293,18:24:54,10.901249647140503,10.90908,BUY
294,18:24:54,10.901249647140503,10.90712,BUY
295,18:24:54,10.901249647140503,10.90566,BUY
296,18:24:54,10.901249647140503,10.90455,BUY
297,18:24:54,10.901249647140503,10.90373,BUY
298,18:24:54,10.903749704360962,10.90373,SELL
299,18:24:54,10.901249647140503,10.90311,BUY
300,18:24:54,10.896250247955322,10.9014,BUY
301,18:24:54,10.897499799728394,10.90042,BUY
302,18:24:54,10.910000085830688,10.90282,SELL
303,18:24:54,10.912474870681763,10.90523,SELL
304,18:24:54,10.903749704360962,10.90486,BUY
305,18:24:54,10.904999732971191,10.9049,SELL
306,18:24:54,10.911249876022339,10.90648,SELL
307,18:24:54,10.911249876022339,10.90768,SELL
308,18:24:54,10.906249761581421,10.90732,BUY
309,18:24:54,10.901249647140503,10.9058,BUY
310,18:24:54,10.901249647140503,10.90466,BUY
311,18:24:54,10.904999732971191,10.90475,SELL
312,18:24:54,10.902499675750732,10.90419,BUY
313,18:24:55,10.90874981880188,10.90533,SELL
314,18:24:55,10.903749704360962,10.90493,BUY
315,18:24:55,10.90749979019165,10.90557,SELL
316,18:24:55,10.913749933242798,10.90762,SELL
317,18:24:55,10.911249876022339,10.90853,SELL
318,18:24:55,10.911249876022339,10.90921,SELL
319,18:24:55,10.913749933242798,10.91034,SELL
320,18:24:55,10.906249761581421,10.90932,BUY
321,18:24:55,10.904999732971191,10.90824,BUY
322,18:24:55,10.904999732971191,10.90743,BUY
323,18:24:55,10.90999984741211,10.90807,SELL
324,18:24:55,10.914999961853027,10.9098,SELL
325,18:24:55,10.914374828338623,10.91095,SELL
326,18:24:55,10.916249752044678,10.91227,SELL
327,18:24:55,10.917500019073486,10.91358,SELL
328,18:24:55,10.912499904632568,10.91331,BUY
329,18:24:55,10.912499904632568,10.91311,BUY
330,18:24:55,10.904374599456787,10.91092,BUY
331,18:24:55,10.904999732971191,10.90944,BUY
332,18:24:55,10.913124799728394,10.91036,SELL
333,18:24:55,10.914999961853027,10.91152,SELL
334,18:24:55,10.912499904632568,10.91177,SELL
335,18:24:55,10.912499904632568,10.91195,SELL
336,18:24:55,10.914999961853027,10.91271,SELL
337,18:24:55,10.914999961853027,10.91328,SELL
338,18:24:55,10.911874771118164,10.91293,BUY
339,18:24:55,10.922500133514404,10.91532,SELL
340,18:24:55,10.933125257492065,10.91977,SELL
341,18:24:55,10.93500018119812,10.92358,SELL
342,18:24:55,10.932500123977661,10.92581,SELL
343,18:24:55,10.927500247955322,10.92623,SELL
344,18:24:55,10.930625200271606,10.92733,SELL
345,18:24:55,10.937499761581421,10.92987,SELL
346,18:24:55,10.94124984741211,10.93272,SELL
347,18:24:55,10.94249963760376,10.93516,SELL
348,18:24:55,10.944374799728394,10.93747,SELL
349,18:24:55,10.947499752044678,10.93997,SELL
350,18:24:55,10.953749895095825,10.94342,SELL
351,18:24:55,10.944999694824219,10.94381,SELL
352,18:24:55,10.944999694824219,10.94411,SELL
353,18:24:55,10.94249963760376,10.94371,BUY
354,18:24:55,10.94249963760376,10.94341,BUY
355,18:24:55,10.944999694824219,10.9438,SELL
356,18:24:55,10.951249837875366,10.94567,SELL
357,18:24:55,10.952499866485596,10.94737,SELL
358,18:24:55,10.952499866485596,10.94866,SELL
359,18:24:55,10.957499980926514,10.95087,SELL
360,18:24:55,10.954999923706055,10.9519,SELL
361,18:24:55,10.952499866485596,10.95205,SELL
362,18:24:55,10.953749895095825,10.95247,SELL
363,18:24:55,10.952499866485596,10.95248,SELL
364,18:24:55,10.958750009536743,10.95405,SELL
365,18:24:55,10.961874961853027,10.95601,SELL
366,18:24:55,10.962500095367432,10.95763,SELL
367,18:24:55,10.958750009536743,10.95791,SELL
368,18:24:55,10.954999923706055,10.95718,BUY
369,18:24:55,10.954999923706055,10.95664,BUY
370,18:24:55,10.954999923706055,10.95623,BUY
371,18:24:55,10.963750123977661,10.95811,SELL
372,18:24:55,10.954999923706055,10.95733,BUY
373,18:24:55,10.951474905014038,10.95587,BUY
374,18:24:55,10.944374799728394,10.95299,BUY
375,18:24:55,10.942499876022339,10.95037,BUY
376,18:24:55,10.947499752044678,10.94965,BUY
377,18:24:55,10.944999694824219,10.94849,BUY
378,18:24:55,10.944999694824219,10.94762,BUY
379,18:24:55,10.938750267028809,10.9454,BUY
380,18:24:55,10.93375039100647,10.94249,BUY
381,18:24:55,10.923750162124634,10.9378,BUY
382,18:24:55,10.922500133514404,10.93398,BUY
383,18:24:55,10.930000066757202,10.93298,BUY
384,18:24:55,10.932500123977661,10.93286,BUY
385,18:24:55,10.932500123977661,10.93277,BUY
386,18:24:55,10.930000066757202,10.93208,BUY
