,Current Time,Price,Moving Average,Action
0,19:32:40,134.46750259399414,,
1,19:32:40,134.52499389648438,,
2,19:32:40,134.3186798095703,,
3,19:32:40,134.2137451171875,134.34571,BUY
4,19:32:40,134.03000259399414,134.24222,BUY
5,19:32:40,133.89999771118164,134.13814,BUY
6,19:32:40,133.9625015258789,134.08747,BUY
7,19:32:40,133.92749786376953,134.04303,BUY
8,19:32:40,133.99874877929688,134.03106,BUY
9,19:32:40,133.84650421142578,133.98217,BUY
10,19:32:40,133.55250549316406,133.87001,BUY
11,19:32:40,133.58875274658203,133.7974,BUY
12,19:32:40,133.63999557495117,133.75709,BUY
13,19:32:40,133.75125122070312,133.7556,BUY
14,19:32:40,133.8562469482422,133.78111,SELL
15,19:32:40,133.93500137329102,133.81997,SELL
16,19:32:40,133.98374938964844,133.86122,SELL
17,19:32:40,134.14194869995117,133.9318,SELL
18,19:32:40,134.28250122070312,134.01985,SELL
19,19:32:40,134.4275016784668,134.12209,SELL
20,19:32:40,134.5950050354004,134.2406,SELL
21,19:32:40,134.46625137329102,134.29711,SELL
22,19:32:40,134.4749984741211,134.34164,SELL
23,19:32:40,134.47749710083008,134.37564,SELL
24,19:32:40,134.5012435913086,134.40707,SELL
25,19:32:40,134.5724983215332,134.44845,SELL
26,19:32:40,134.5749969482422,134.4801,SELL
27,19:32:40,134.59624862670898,134.50914,SELL
28,19:32:40,134.54750061035156,134.51874,SELL
29,19:32:40,134.47500228881836,134.5078,BUY
30,19:32:40,134.54249954223633,134.51648,SELL
31,19:32:40,134.5349998474121,134.52111,SELL
32,19:32:40,134.59499740600586,134.53958,SELL
33,19:32:40,134.51499938964844,134.53344,BUY
34,19:32:40,134.3812484741211,134.49539,BUY
35,19:32:40,134.42625045776367,134.4781,BUY
36,19:32:40,134.5349998474121,134.49233,SELL
37,19:32:40,134.6099967956543,134.52175,SELL
38,19:32:40,134.6931266784668,134.56459,SELL
39,19:32:40,134.7125015258789,134.60157,SELL
40,19:32:40,134.9312515258789,134.68399,SELL
41,19:32:40,135.02875518798828,134.77018,SELL
42,19:32:40,134.83500289916992,134.78639,SELL
43,19:32:40,134.86249923706055,134.80542,SELL
44,19:32:40,134.89500427246094,134.82781,SELL
45,19:32:40,134.84500122070312,134.83211,SELL
46,19:32:40,134.55480194091797,134.76278,BUY
47,19:32:40,134.35750198364258,134.66146,BUY
48,19:32:40,134.4724998474121,134.61422,BUY
49,19:32:40,134.37500381469727,134.55442,BUY
50,19:32:40,134.22624588012695,134.47237,BUY
51,19:32:40,134.1762466430664,134.39834,BUY
52,19:32:40,134.2724952697754,134.36688,BUY
53,19:32:40,134.16249465942383,134.31578,BUY
54,19:32:40,134.2949981689453,134.31059,BUY
55,19:32:40,134.27375030517578,134.30138,BUY
56,19:32:40,134.28249740600586,134.29666,BUY
57,19:32:40,134.31249618530273,134.30062,SELL
58,19:32:40,134.1624984741211,134.26609,BUY
59,19:32:40,134.04375457763672,134.2105,BUY
60,19:32:40,134.0224952697754,134.1635,BUY
61,19:32:40,134.1425018310547,134.15825,BUY
62,19:32:40,134.03000259399414,134.12619,BUY
63,19:32:40,133.96124649047852,134.08495,BUY
64,19:32:40,133.96249771118164,134.05434,BUY
65,19:32:40,133.87250137329102,134.00888,BUY
66,19:32:40,133.81499862670898,133.96041,BUY
67,19:32:40,133.73500061035156,133.90406,BUY
68,19:32:40,133.88999938964844,133.90054,BUY
69,19:32:40,133.99250030517578,133.92353,SELL
70,19:32:40,133.99687957763672,133.94187,SELL
71,19:32:40,133.8949966430664,133.93015,BUY
72,19:32:40,133.86249923706055,133.91324,BUY
73,19:32:40,133.90249633789062,133.91055,BUY
74,19:32:40,133.9162483215332,133.91198,SELL
75,19:32:40,134.0037498474121,133.93492,SELL
76,19:32:40,134.13374710083008,133.98463,SELL
77,19:32:40,134.21124649047852,134.04128,SELL
78,19:32:40,134.2300033569336,134.08846,SELL
79,19:32:40,134.34999465942383,134.15385,SELL
80,19:32:40,134.4250030517578,134.22163,SELL
81,19:32:40,134.54375076293945,134.30216,SELL
82,19:32:40,134.5449981689453,134.36287,SELL
83,19:32:40,134.6074981689453,134.42403,SELL
84,19:32:40,134.53500366210938,134.45177,SELL
85,19:32:40,134.5612449645996,134.47914,SELL
86,19:32:40,134.51124572753906,134.48717,SELL
87,19:32:40,134.47500610351562,134.48413,BUY
88,19:32:40,134.39999771118164,134.46309,BUY
89,19:32:40,134.40652084350586,134.44895,BUY
90,19:32:40,134.5675048828125,134.47859,SELL
91,19:32:40,134.55500030517578,134.49769,SELL
92,19:32:40,134.50249862670898,134.49889,SELL
93,19:32:40,134.53750228881836,134.50855,SELL
94,19:32:40,134.52999877929688,134.51391,SELL
95,19:32:40,134.4574966430664,134.49981,BUY
96,19:32:40,134.53249740600586,134.50798,SELL
97,19:32:40,134.4862518310547,134.50255,BUY
98,19:32:40,134.41749954223633,134.48129,BUY
99,19:32:40,134.3974952697754,134.46034,BUY
100,19:32:40,134.19624710083008,134.39432,BUY
101,19:32:40,134.22124481201172,134.35105,BUY
102,19:32:40,134.29750061035156,134.33766,BUY
103,19:32:40,134.30250549316406,134.32887,BUY
104,19:32:40,134.26625061035156,134.31322,BUY
105,19:32:40,134.1750030517578,134.27866,BUY
106,19:32:40,134.06749725341797,134.22587,BUY
107,19:32:40,134.05249786376953,134.18253,BUY
108,19:32:40,133.9550018310547,134.12565,BUY
109,19:32:40,133.94749450683594,134.08111,BUY
110,19:32:40,133.8837547302246,134.03177,BUY
111,19:32:40,133.86750030517578,133.9907,BUY
112,19:32:40,133.8550033569336,133.95678,BUY
113,19:32:40,133.91499710083008,133.94633,BUY
114,19:32:40,133.93749618530273,133.94412,BUY
115,19:32:40,133.8700065612793,133.92559,BUY
116,19:32:40,133.72500228881836,133.87545,BUY
117,19:32:40,133.64500427246094,133.81784,BUY
118,19:32:40,133.5974998474121,133.76275,BUY
119,19:32:40,133.55499649047852,133.71081,BUY
120,19:32:40,133.44999313354492,133.64561,BUY
121,19:32:40,133.4199981689453,133.58921,BUY
122,19:32:40,133.49749755859375,133.56628,BUY
123,19:32:40,133.4000015258789,133.52471,BUY
124,19:32:40,133.40625,133.49509,BUY
125,19:32:40,133.55562210083008,133.51023,SELL
126,19:32:40,133.58250427246094,133.5283,SELL
127,19:32:40,133.54874420166016,133.53341,SELL
128,19:32:40,133.69749450683594,133.57443,SELL
129,19:32:40,133.65562057495117,133.59473,SELL
130,19:32:40,133.71375274658203,133.62448,SELL
131,19:32:40,133.6512451171875,133.63117,SELL
132,19:32:40,133.50062942504883,133.59854,BUY
133,19:32:40,133.40249633789062,133.54953,BUY
134,19:32:40,133.30249404907227,133.48777,BUY
135,19:32:40,133.3025016784668,133.44145,BUY
136,19:32:40,133.3450050354004,133.41734,BUY
137,19:32:40,133.36000442504883,133.40301,BUY
138,19:32:40,133.42437744140625,133.40835,SELL
139,19:32:40,133.40719985961914,133.40806,BUY
140,19:32:40,133.47999572753906,133.42605,SELL
141,19:32:40,133.4474983215332,133.43141,SELL
142,19:32:40,133.50000381469727,133.44856,SELL
143,19:32:40,133.5887565612793,133.48361,SELL
144,19:32:40,133.55999755859375,133.5027,SELL
145,19:32:40,133.49749755859375,133.5014,BUY
146,19:32:40,133.48749923706055,133.49793,BUY
147,19:32:40,133.48749923706055,133.49532,BUY
148,19:32:40,133.4650001525879,133.48774,BUY
149,19:32:40,133.39500045776367,133.46456,BUY
150,19:32:40,133.3550033569336,133.43717,BUY
151,19:32:40,133.39999389648438,133.42787,BUY
152,19:32:40,133.34624862670898,133.40747,BUY
153,19:32:40,133.38000106811523,133.4006,BUY
154,19:32:40,133.43630599975586,133.40953,SELL
155,19:32:40,133.48999404907227,133.42964,SELL
156,19:32:40,133.5775032043457,133.46661,SELL
157,19:32:40,133.66000366210938,133.51496,SELL
158,19:32:40,133.6650047302246,133.55247,SELL
159,19:32:40,133.59324645996094,133.56266,SELL
160,19:32:40,133.61749649047852,133.57637,SELL
161,19:32:40,133.6198501586914,133.58724,SELL
162,19:32:40,133.5,133.56543,BUY
163,19:32:40,133.42749786376953,133.53095,BUY
164,19:32:40,133.32000350952148,133.47821,BUY
165,19:32:40,133.34500122070312,133.44491,BUY
166,19:32:40,133.27000045776367,133.40118,BUY
167,19:32:40,133.21249771118164,133.35401,BUY
168,19:32:40,133.2037467956543,133.31644,BUY
169,19:32:40,133.1281280517578,133.26937,BUY
170,19:32:40,133.1050033569336,133.22828,BUY
171,19:32:40,133.0875015258789,133.19308,BUY
172,19:32:40,133.06249618530273,133.16044,BUY
173,19:32:40,133.10499572753906,133.14658,BUY
174,19:32:40,133.13500213623047,133.14368,BUY
175,19:32:40,133.35250091552734,133.19589,SELL
176,19:32:40,133.39999771118164,133.24691,SELL
177,19:32:40,133.3874969482422,133.28206,SELL
178,19:32:40,133.3125,133.28967,SELL
179,19:32:40,133.3487548828125,133.30444,SELL
180,19:32:40,133.46624755859375,133.34489,SELL
181,19:32:40,133.4800033569336,133.37867,SELL
182,19:32:40,133.4287452697754,133.39119,SELL
183,19:32:40,133.29999923706055,133.36839,BUY
184,19:32:40,133.2324981689453,133.33442,BUY
185,19:32:40,133.25000381469727,133.31331,BUY
186,19:32:40,133.26250457763672,133.30061,BUY
187,19:32:40,133.21999740600586,133.28046,BUY
188,19:32:40,133.1974983215332,133.25972,BUY
189,19:32:40,133.1374969482422,133.22916,BUY
190,19:32:40,133.0124969482422,133.175,BUY
191,19:32:40,132.94000244140625,133.11625,BUY
192,19:32:40,132.9283218383789,133.06927,BUY
193,19:32:40,132.99749755859375,133.05132,BUY
194,19:32:40,132.9375,133.02287,BUY
195,19:32:40,132.88624954223633,132.98871,BUY
196,19:32:40,132.87124633789062,132.95935,BUY
197,19:32:40,132.84249877929688,132.93013,BUY
198,19:32:40,132.89749908447266,132.92198,BUY
199,19:32:40,132.84874725341797,132.90367,BUY
200,19:32:40,132.81624603271484,132.88181,BUY
201,19:32:40,132.77874755859375,132.85605,BUY
202,19:32:40,132.81750106811523,132.84641,BUY
203,19:32:40,132.73500061035156,132.81856,BUY
204,19:32:40,132.61750030517578,132.76829,BUY
205,19:32:40,132.5043716430664,132.70231,BUY
206,19:32:40,132.40999603271484,132.62923,BUY
207,19:32:40,132.37499618530273,132.56567,BUY
208,19:32:40,132.31875228881836,132.50394,BUY
209,19:32:40,132.28250122070312,132.44858,BUY
210,19:32:40,132.27750396728516,132.40581,BUY
211,19:32:40,132.2775001525879,132.37374,BUY
212,19:32:40,132.08500289916992,132.30155,BUY
213,19:32:40,132.17749786376953,132.27054,BUY
214,19:32:40,132.25499725341797,132.26665,BUY
215,19:32:40,132.27124786376953,132.2678,SELL
216,19:32:40,132.2324981689453,132.25898,BUY
217,19:32:40,132.24250030517578,132.25486,BUY
218,19:32:40,132.1875,132.23802,BUY
219,19:32:40,132.1675033569336,132.22039,BUY
220,19:32:40,132.1074981689453,132.19217,BUY
221,19:32:40,131.92750549316406,132.126,BUY
222,19:32:40,132.02499771118164,132.10075,BUY
223,19:32:40,132.0762481689453,132.09462,BUY
224,19:32:40,131.97250366210938,132.06409,BUY
225,19:32:40,131.88875198364258,132.02026,BUY
226,19:32:40,132.0525016784668,132.02832,SELL
227,19:32:40,132.09499740600586,132.04499,SELL
228,19:32:40,132.17250442504883,132.07687,SELL
229,19:32:40,132.1875,132.10453,SELL
230,19:32:40,132.02750396728516,132.08527,BUY
231,19:32:40,132.1737518310547,132.10739,SELL
232,19:32:40,132.22802352905273,132.13755,SELL
233,19:32:40,132.07500076293945,132.12191,BUY
234,19:32:40,131.88500213623047,132.06268,BUY
235,19:32:40,131.74249649047852,131.98264,BUY
236,19:32:40,131.60750579833984,131.88885,BUY
237,19:32:40,131.75250244140625,131.85477,BUY
238,19:32:40,131.79999923706055,131.84107,BUY
239,19:32:40,131.9000015258789,131.85581,SELL
240,19:32:40,131.96625137329102,131.88342,SELL
241,19:32:40,131.92499923706055,131.89381,SELL
242,19:32:40,132.00250244140625,131.92099,SELL
243,19:32:40,132.01687622070312,131.94496,SELL
244,19:32:40,132.14749908447266,131.99559,SELL
245,19:32:40,132.1449966430664,132.03294,SELL
246,19:32:40,132.1974983215332,132.07408,SELL
247,19:32:40,132.14374923706055,132.0915,SELL
248,19:32:40,132.13000106811523,132.10112,SELL
249,19:32:40,132.0250015258789,132.08209,BUY
250,19:32:40,132.09874725341797,132.08626,SELL
251,19:32:40,132.0800018310547,132.08469,BUY
252,19:32:40,131.94000244140625,132.04852,BUY
253,19:32:40,131.94125366210938,132.0217,BUY
254,19:32:40,131.97750091552734,132.01065,BUY
255,19:32:40,131.93999862670898,131.99299,BUY
256,19:32:40,131.79999542236328,131.94474,BUY
257,19:32:40,131.73999786376953,131.89356,BUY
258,19:32:40,131.69375228881836,131.8436,BUY
259,19:32:40,131.66625213623047,131.79927,BUY
260,19:32:40,131.70249938964844,131.77507,BUY
261,19:32:40,131.5931282043457,131.72959,BUY
262,19:32:40,131.6525001525879,131.71032,BUY
263,19:32:40,131.58625411987305,131.6793,BUY
264,19:32:40,131.55999755859375,131.64947,BUY
265,19:32:40,131.53749465942383,131.62148,BUY
266,19:32:40,131.47624588012695,131.58517,BUY
267,19:32:40,131.3662567138672,131.53044,BUY
268,19:32:40,131.30500411987305,131.47408,BUY
269,19:32:40,131.36249923706055,131.44619,BUY
270,19:32:40,131.39249801635742,131.43276,BUY
271,19:32:40,131.31999969482422,131.40457,BUY
272,19:32:40,131.22999954223633,131.36093,BUY
273,19:32:40,131.25749588012695,131.33507,BUY
274,19:32:40,131.2150001525879,131.30505,BUY
275,19:32:40,131.23374938964844,131.28723,BUY
276,19:32:40,131.26310348510742,131.2812,BUY
277,19:32:40,131.2050018310547,131.26215,BUY
278,19:32:40,131.0150032043457,131.20036,BUY
279,19:32:40,131.05374908447266,131.16371,BUY
280,19:32:40,131.00495147705078,131.12402,BUY
281,19:32:40,130.99250030517578,131.09114,BUY
282,19:32:40,131.12249755859375,131.09898,SELL
283,19:32:40,131.2675018310547,131.14111,SELL
284,19:32:40,131.21749877929688,131.16021,SELL
285,19:32:40,131.26749801635742,131.18703,SELL
286,19:32:40,131.14625549316406,131.17684,BUY
287,19:32:40,131.05999374389648,131.14763,BUY
288,19:32:40,131.03375244140625,131.11916,BUY
289,19:32:40,131.00874710083008,131.09155,BUY
290,19:32:40,130.87000274658203,131.03617,BUY
291,19:32:40,130.9900016784668,131.02463,BUY
292,19:32:40,130.94750213623047,131.00534,BUY
293,19:32:40,130.87250137329102,130.97213,BUY
294,19:32:40,130.70274353027344,130.90479,BUY
295,19:32:40,130.65750122070312,130.84296,BUY
296,19:32:40,130.58250045776367,130.77785,BUY
297,19:32:40,130.52250289916992,130.71401,BUY
298,19:32:40,130.4099998474121,130.63801,BUY
299,19:32:40,130.45500564575195,130.59226,BUY
300,19:32:40,130.46999740600586,130.56169,BUY
301,19:32:40,130.3574981689453,130.51064,BUY
302,19:32:40,130.34500122070312,130.46923,BUY
303,19:32:40,130.3224983215332,130.43255,BUY
304,19:32:40,130.4749984741211,130.44316,SELL
305,19:32:40,130.51749801635742,130.46175,SELL
306,19:32:40,130.48250579833984,130.46694,SELL
307,19:32:40,130.3662452697754,130.44176,BUY
308,19:32:40,130.31374740600586,130.40976,BUY
309,19:32:40,130.19000244140625,130.35482,BUY
310,19:32:40,130.05999374389648,130.28111,BUY
311,19:32:40,130.0449981689453,130.22208,BUY
312,19:32:40,129.95499801635742,130.15531,BUY
313,19:32:40,129.8537483215332,130.07992,BUY
314,19:32:40,130.00000381469727,130.05994,BUY
315,19:32:40,130.0099983215332,130.04746,BUY
316,19:32:40,129.8212547302246,129.99091,BUY
317,19:32:40,129.79750442504883,129.94256,BUY
318,19:32:40,129.88787460327148,129.92889,BUY
319,19:32:40,129.88875198364258,129.91885,BUY
320,19:32:40,129.9025001525879,129.91476,BUY
321,19:32:40,129.7975959777832,129.88547,BUY
322,19:32:40,129.78802108764648,129.86111,BUY
323,19:32:40,129.61500549316406,129.79958,BUY
324,19:32:40,129.52758026123047,129.73158,BUY
325,19:32:40,129.52802658081055,129.68069,BUY
326,19:32:40,129.61874771118164,129.66521,BUY
327,19:32:40,129.79249954223633,129.69703,SELL
328,19:32:40,129.97999954223633,129.76777,SELL
329,19:32:40,130.6374969482422,129.9852,SELL
330,19:32:40,130.75250244140625,130.17703,SELL
331,19:32:40,130.44499588012695,130.24402,SELL
332,19:32:40,130.51250076293945,130.31114,SELL
333,19:32:40,130.38249588012695,130.32898,SELL
334,19:32:40,130.21000289916992,130.29924,BUY
335,19:32:40,130.20499801635742,130.27568,BUY
336,19:32:40,130.04000091552734,130.21676,BUY
337,19:32:40,130.01250076293945,130.16569,BUY
338,19:32:40,130.26000213623047,130.18927,SELL
339,19:32:40,130.3837776184082,130.2379,SELL
340,19:32:40,130.37999725341797,130.27342,SELL
341,19:32:40,130.38000106811523,130.30007,SELL
342,19:32:40,130.16250610351562,130.26568,BUY
343,19:32:40,130.27062606811523,130.26691,SELL
344,19:32:40,130.33499908447266,130.28394,SELL
345,19:32:40,130.2349967956543,130.2717,BUY
346,19:32:40,130.21249771118164,130.2569,BUY
347,19:32:40,130.03749465942383,130.20205,BUY
348,19:32:40,129.83749771118164,130.11091,BUY
349,19:32:40,129.66124725341797,129.99849,BUY
350,19:32:40,129.47624969482422,129.86793,BUY
351,19:32:40,129.65249633789062,129.81407,BUY
352,19:32:40,129.8699951171875,129.82805,SELL
353,19:32:40,129.9124984741211,129.84917,SELL
354,19:32:40,129.90125274658203,129.86219,SELL
355,19:32:40,129.8974952697754,129.87101,SELL
356,19:32:40,129.9724998474121,129.89639,SELL
357,19:32:40,129.9250030517578,129.90354,SELL
358,19:32:40,129.8324966430664,129.88578,BUY
359,19:32:40,129.7050018310547,129.84058,BUY
360,19:32:40,129.62749481201172,129.78731,BUY
361,19:32:40,129.70249938964844,129.76611,BUY
362,19:32:40,129.68250274658203,129.74521,BUY
363,19:32:40,129.8125,129.76203,SELL
364,19:32:40,129.90750122070312,129.7984,SELL
365,19:32:40,129.9824981689453,129.84442,SELL
366,19:32:40,130.03875350952148,129.89301,SELL
367,19:32:40,129.9474983215332,129.90663,SELL
368,19:32:40,129.9787483215332,129.92466,SELL
369,19:32:40,129.94624710083008,129.93006,SELL
370,19:32:40,129.99749755859375,129.94692,SELL
371,19:32:40,130.08624649047852,129.98175,SELL
372,19:32:40,130.09249877929688,130.00944,SELL
373,19:32:40,130.08999633789062,130.02958,SELL
374,19:32:40,130.25875091552734,130.08687,SELL
375,19:32:40,130.41500091552734,130.1689,SELL
376,19:32:40,130.61000442504883,130.27918,SELL
377,19:32:40,130.54750442504883,130.34626,SELL
378,19:32:40,130.5124969482422,130.38782,SELL
379,19:32:40,130.9599952697754,130.53086,SELL
380,19:32:40,131.00499725341797,130.6494,SELL
381,19:32:40,130.8974952697754,130.71142,SELL
382,19:32:40,130.9849967956543,130.77982,SELL
383,19:32:40,130.97250366210938,130.82799,SELL
384,19:32:40,130.91000366210938,130.84849,SELL
385,19:32:40,131.0800018310547,130.90637,SELL
386,19:32:40,131.15999603271484,130.96978,SELL
387,19:32:40,131.21499633789062,131.03108,SELL
388,19:32:40,131.13500213623047,131.05706,SELL
389,19:32:40,13.942499876022339,,
390,19:32:40,13.947499990463257,,
391,19:32:40,13.990000009536743,,
392,19:32:40,14.02750039100647,51.02914,SELL
393,19:32:40,14.022499799728394,41.77748,SELL
394,19:32:40,14.018750190734863,34.8378,SELL
395,19:32:40,14.033750057220459,29.63679,SELL
396,19:32:40,14.037749767303467,25.73703,SELL
397,19:32:40,14.03250002861023,22.81089,SELL
398,19:32:40,14.021849870681763,20.61363,SELL
399,19:32:40,14.009999990463257,18.96273,SELL
400,19:32:40,14.035799980163574,17.73099,SELL
401,19:32:40,14.045000314712524,16.8095,SELL
402,19:32:40,14.076250076293945,16.12618,SELL
403,19:32:40,14.067499876022339,15.61151,SELL
404,19:32:40,14.053750038146973,15.22207,SELL
405,19:32:40,14.069999933242798,14.93405,SELL
406,19:32:40,14.03250002861023,14.70867,SELL
407,19:32:40,14.01610016822815,14.53552,SELL
408,19:32:40,14.054999828338623,14.41539,SELL
409,19:32:40,14.075549840927124,14.33043,SELL
410,19:32:40,14.05299997329712,14.26107,SELL
411,19:32:40,14.039049863815308,14.20557,SELL
412,19:32:40,14.02500033378601,14.16043,SELL
413,19:32:40,14.006250143051147,14.12188,SELL
414,19:32:40,14.003750085830688,14.09235,SELL
415,19:32:40,13.964999914169312,14.06051,SELL
416,19:32:40,14.001200199127197,14.04568,SELL
417,19:32:40,14.015000104904175,14.03801,SELL
418,19:32:40,14.012500286102295,14.03163,SELL
419,19:32:40,14.036250114440918,14.03279,SELL
420,19:32:40,14.028749942779541,14.03178,SELL
421,19:32:40,14.015000104904175,14.02758,SELL
422,19:32:40,14.017500162124634,14.02506,SELL
423,19:32:40,14.006250143051147,14.02036,SELL
424,19:32:40,14.013750314712524,14.01871,SELL
425,19:32:40,14.011075019836426,14.0168,SELL
426,19:32:40,14.024099826812744,14.01862,SELL
427,19:32:40,14.040024995803833,14.02397,SELL
428,19:32:40,14.036499977111816,14.02711,SELL
429,19:32:40,14.038749933242798,14.03002,SELL
430,19:32:40,14.03499984741211,14.03126,SELL
431,19:32:40,13.992274761199951,14.02152,SELL
432,19:32:40,13.964799880981445,14.00734,SELL
433,19:32:40,13.964999914169312,13.99675,SELL
434,19:32:40,13.98877477645874,13.99476,SELL
435,19:32:40,13.994049787521362,13.99458,SELL
436,19:32:40,14.010000228881836,13.99844,SELL
437,19:32:40,14.009000062942505,14.00108,SELL
438,19:32:40,14.017749786376953,14.00525,SELL
439,19:32:40,14.010000228881836,14.00643,SELL
440,19:32:40,13.981250286102295,14.00014,SELL
441,19:32:40,13.96495008468628,13.99134,SELL
442,19:32:40,13.963600158691406,13.98441,SELL
443,19:32:40,13.985949993133545,13.98479,SELL
444,19:32:40,14.005300045013428,13.98992,SELL
445,19:32:40,14.022499799728394,13.99806,SELL
446,19:32:40,14.019375324249268,14.00339,SELL
447,19:32:40,14.021949768066406,14.00803,SELL
448,19:32:40,14.017500162124634,14.0104,SELL
449,19:32:40,14.037500143051147,14.01717,SELL
450,19:32:40,14.034024953842163,14.02139,SELL
451,19:32:40,14.015000104904175,14.01979,SELL
452,19:32:40,14.002424955368042,14.01545,SELL
453,19:32:40,13.99595022201538,14.01057,SELL
454,19:32:40,14.018125057220459,14.01246,SELL
455,19:32:40,14.018750190734863,14.01403,SELL
456,19:32:40,14.02530026435852,14.01685,SELL
457,19:32:40,14.041450262069702,14.023,SELL
458,19:32:40,14.045000076293945,14.0285,SELL
459,19:32:40,14.047500133514404,14.03325,SELL
460,19:32:40,14.042500019073486,14.03556,SELL
461,19:32:40,14.03880000114441,14.03637,SELL
462,19:32:40,14.045000076293945,14.03853,SELL
463,19:32:40,14.051650047302246,14.04181,SELL
464,19:32:40,14.067475318908691,14.04823,SELL
465,19:32:40,14.091300010681152,14.05899,SELL
466,19:32:40,14.078750133514404,14.06393,SELL
467,19:32:40,14.079624891281128,14.06786,SELL
468,19:32:40,14.09125018119812,14.0737,SELL
469,19:32:40,14.098750114440918,14.07997,SELL
470,19:32:40,14.112499952316284,14.0881,SELL
471,19:32:40,14.128750085830688,14.09826,SELL
472,19:32:40,14.142475366592407,14.10932,SELL
473,19:32:40,14.138750076293945,14.11667,SELL
474,19:32:40,14.128849983215332,14.11972,SELL
475,19:32:40,14.12625002861023,14.12135,SELL
476,19:32:40,14.124999761581421,14.12226,SELL
477,19:32:40,14.114999771118164,14.12045,SELL
478,19:32:40,14.12374997138977,14.12127,SELL
479,19:32:40,14.137500286102295,14.12533,SELL
480,19:32:40,14.140000104904175,14.129,SELL
481,19:32:40,14.133750200271606,14.13019,SELL
482,19:32:40,14.14252519607544,14.13327,SELL
483,19:32:40,14.144999742507935,14.1362,SELL
484,19:32:40,14.142575025558472,14.1378,SELL
485,19:32:40,14.158750057220459,14.14303,SELL
486,19:32:40,14.169625043869019,14.14968,SELL
487,19:32:40,14.164999961853027,14.15351,SELL
488,19:32:40,14.151249885559082,14.15295,SELL
489,19:32:40,14.1427001953125,14.15038,SELL
490,19:32:40,14.142574548721313,14.14843,SELL
491,19:32:40,14.143750190734863,14.14726,SELL
492,19:32:40,14.138700246810913,14.14512,SELL
493,19:32:40,14.131250143051147,14.14165,SELL
494,19:32:40,14.14252519607544,14.14187,SELL
495,19:32:40,14.140000104904175,14.1414,SELL
496,19:32:40,14.135000228881836,14.1398,SELL
497,19:32:40,14.133750200271606,14.13829,SELL
498,19:32:40,14.136899948120117,14.13794,SELL
499,19:32:40,14.141250133514404,14.13877,SELL
500,19:32:40,14.138750076293945,14.13876,SELL
501,19:32:40,14.132500171661377,14.1372,SELL
502,19:32:40,14.137500286102295,14.13727,SELL
503,19:32:40,14.138499975204468,14.13758,SELL
504,19:32:40,14.133800029754639,14.13664,SELL
505,19:32:40,14.105000257492065,14.12873,SELL
506,19:32:40,14.099849700927734,14.12151,SELL
507,19:32:40,14.120000123977661,14.12113,SELL
508,19:32:40,14.122499942779541,14.12147,SELL
509,19:32:40,14.136250257492065,14.12517,SELL
510,19:32:40,14.136725187301636,14.12806,SELL
511,19:32:40,14.137500047683716,14.13042,SELL
512,19:32:40,14.114300012588501,14.12639,SELL
513,19:32:40,14.108700275421143,14.12197,SELL
514,19:32:40,14.111249923706055,14.11929,SELL
515,19:32:40,14.125625133514404,14.12087,SELL
516,19:32:40,14.128750085830688,14.12284,SELL
517,19:32:40,14.125,14.12338,SELL
518,19:32:40,14.112499713897705,14.12066,SELL
519,19:32:40,14.11252498626709,14.11863,SELL
520,19:32:40,14.126775026321411,14.12066,SELL
521,19:32:40,14.112499952316284,14.11862,SELL
522,19:32:40,14.09249997138977,14.11209,SELL
523,19:32:40,14.09250020980835,14.10719,SELL
524,19:32:40,14.085000038146973,14.10165,SELL
525,19:32:40,14.085000038146973,14.09748,SELL
526,19:32:40,14.102524757385254,14.09874,SELL
527,19:32:40,14.115000009536743,14.10281,SELL
528,19:32:40,14.106249809265137,14.10367,SELL
529,19:32:40,14.116249799728394,14.10681,SELL
530,19:32:40,14.116249799728394,14.10917,SELL
531,19:32:40,14.132499933242798,14.115,SELL
532,19:32:40,14.135825157165527,14.12021,SELL
533,19:32:40,14.108750343322754,14.11734,SELL
534,19:32:40,14.095000267028809,14.11176,SELL
535,19:32:40,14.087525129318237,14.1057,SELL
536,19:32:40,14.05875015258789,14.09396,SELL
537,19:32:40,14.042500019073486,14.0811,SELL
538,19:32:40,14.038749933242798,14.07051,SELL
539,19:32:40,14.030999898910522,14.06063,SELL
540,19:32:40,14.029999732971191,14.05297,SELL
541,19:32:40,14.024975061416626,14.04597,SELL
542,19:32:40,14.03125,14.04229,SELL
543,19:32:40,14.02999997138977,14.03922,SELL
544,19:32:40,14.022325277328491,14.035,SELL
545,19:32:40,14.025699853897095,14.03267,SELL
546,19:32:40,14.024999856948853,14.03075,SELL
547,19:32:40,14.024999856948853,14.02932,SELL
548,19:32:40,14.007474899291992,14.02386,SELL
549,19:32:40,14.007500171661377,14.01977,SELL
550,19:32:40,14.010000228881836,14.01733,SELL
551,19:32:40,13.979750156402588,14.00793,SELL
552,19:32:40,13.974975347518921,13.99969,SELL
553,19:32:40,13.975624799728394,13.99368,SELL
554,19:32:40,13.96875,13.98744,SELL
555,19:32:40,13.967450141906738,13.98245,SELL
556,19:32:40,13.938750267028809,13.97152,SELL
557,19:32:40,13.937499761581421,13.96302,SELL
558,19:32:40,13.947525024414062,13.95914,SELL
559,19:32:40,13.939950227737427,13.95435,SELL
560,19:32:40,13.928750038146973,13.94795,SELL
561,19:32:40,13.919999837875366,13.94096,SELL
562,19:32:40,13.918674945831299,13.93539,SELL
563,19:32:40,13.923649787902832,13.93245,SELL
564,19:32:40,13.927975177764893,13.93133,SELL
565,19:32:40,13.918375015258789,13.92809,SELL
566,19:32:40,13.914999961853027,13.92482,SELL
567,19:32:40,13.92265009880066,13.92428,SELL
568,19:32:40,13.931274890899658,13.92603,SELL
569,19:32:40,13.927500009536743,13.9264,SELL
570,19:32:40,13.928550004959106,13.92693,SELL
571,19:32:40,13.93375015258789,13.92864,SELL
572,19:32:40,13.926250219345093,13.92804,SELL
573,19:32:40,13.925000190734863,13.92728,SELL
574,19:32:40,13.906249761581421,13.92202,SELL
575,19:32:40,13.87132477760315,13.90935,SELL
576,19:32:40,13.850000143051147,13.89451,SELL
577,19:32:40,13.837499856948853,13.88026,SELL
578,19:32:40,13.832625150680542,13.86835,SELL
579,19:32:40,13.84000015258789,13.86126,SELL
580,19:32:40,13.838775157928467,13.85564,SELL
581,19:32:40,13.830949783325195,13.84947,SELL
582,19:32:40,13.831249952316284,13.84491,SELL
583,19:32:40,13.837500095367432,13.84306,SELL
584,19:32:40,13.842475175857544,13.84291,SELL
585,19:32:40,13.831249952316284,13.84,SELL
586,19:32:40,13.828749895095825,13.83719,SELL
587,19:32:40,13.835950136184692,13.83688,SELL
588,19:32:40,13.831249952316284,13.83547,SELL
589,19:32:40,13.824999809265137,13.83285,SELL
590,19:32:40,13.827399730682373,13.83149,SELL
591,19:32:40,13.84000015258789,13.83362,SELL
592,19:32:40,13.833050012588501,13.83348,SELL
593,19:32:40,13.818749904632568,13.82979,SELL
594,19:32:40,13.799999952316284,13.82235,SELL
595,19:32:40,13.792500019073486,13.81488,SELL
596,19:32:40,13.806250095367432,13.81273,SELL
597,19:32:40,13.821099996566772,13.81482,SELL
598,19:32:40,13.82367491722107,13.81703,SELL
599,19:32:40,13.820024728775024,13.81778,SELL
600,19:32:40,13.817499876022339,13.81771,SELL
601,19:32:40,13.824849843978882,13.8195,SELL
602,19:32:40,13.836250066757202,13.82368,SELL
603,19:32:40,13.849424839019775,13.83012,SELL
604,19:32:40,13.85990023612976,13.83756,SELL
605,19:32:40,13.849349737167358,13.84051,SELL
606,19:32:40,13.840450286865234,13.8405,SELL
607,19:32:40,13.835000276565552,13.83912,SELL
608,19:32:40,13.832499980926514,13.83747,SELL
609,19:32:40,13.81624984741211,13.83216,SELL
610,19:32:40,13.808000087738037,13.82612,SELL
611,19:32:40,13.795000076293945,13.81834,SELL
612,19:32:40,13.797500133514404,13.81313,SELL
613,19:32:40,13.787499904632568,13.80672,SELL
614,19:32:40,13.77999997138977,13.80004,SELL
615,19:32:40,13.788724899291992,13.79721,SELL
616,19:32:40,13.774975299835205,13.79165,SELL
617,19:32:40,13.774999856948853,13.78749,SELL
618,19:32:40,13.775874853134155,13.78459,SELL
619,19:32:40,13.773749828338623,13.78188,SELL
620,19:32:40,13.773749828338623,13.77985,SELL
621,19:32:40,13.76509976387024,13.77616,SELL
622,19:32:40,13.755000114440918,13.77087,SELL
623,19:32:40,13.728750228881836,13.76034,SELL
624,19:32:40,13.71227502822876,13.74832,SELL
625,19:32:40,13.694999694824219,13.73499,SELL
626,19:32:40,13.703750133514404,13.72718,SELL
627,19:32:40,13.708750009536743,13.72257,SELL
628,19:32:40,13.71749997138977,13.72131,SELL
629,19:32:40,13.714325189590454,13.71956,SELL
630,19:32:40,13.703749895095825,13.71561,SELL
631,19:32:40,13.71500015258789,13.71546,SELL
632,19:32:40,13.709975004196167,13.71409,SELL
633,19:32:40,13.707499980926514,13.71244,SELL
634,19:32:40,13.690925359725952,13.70706,SELL
635,19:32:40,13.687500238418579,13.70217,SELL
636,19:32:40,13.682500123977661,13.69725,SELL
637,19:32:40,13.697649955749512,13.69735,SELL
638,19:32:40,13.695549964904785,13.6969,SELL
639,19:32:40,13.709700345993042,13.7001,SELL
640,19:32:40,13.72499966621399,13.70633,SELL
641,19:32:40,13.725625038146973,13.71115,SELL
642,19:32:40,13.73099970817566,13.71611,SELL
643,19:32:40,13.740175008773804,13.72213,SELL
644,19:32:40,13.72029995918274,13.72167,SELL
645,19:32:40,13.706249952316284,13.71782,SELL
646,19:32:40,13.698349714279175,13.71295,SELL
647,19:32:40,13.707499980926514,13.71159,SELL
648,19:32:40,13.706799983978271,13.71039,SELL
649,19:32:40,13.69992470741272,13.70777,SELL
650,19:32:40,13.68375015258789,13.70177,SELL
651,19:32:40,13.696500062942505,13.70045,SELL
652,19:32:40,13.692499876022339,13.69846,SELL
653,19:32:40,13.694999933242798,13.6976,SELL
654,19:32:40,13.693749904632568,13.69664,SELL
655,19:32:40,13.688700199127197,13.69465,SELL
656,19:32:40,13.682500123977661,13.69161,SELL
657,19:32:40,13.68595004081726,13.6902,SELL
658,19:32:40,13.714375019073486,13.69624,SELL
659,19:32:40,13.725000143051147,13.70343,SELL
660,19:32:40,13.738699913024902,13.71225,SELL
661,19:32:40,13.72812533378601,13.71622,SELL
662,19:32:40,13.719149827957153,13.71695,SELL
663,19:32:40,13.712499856948853,13.71584,SELL
664,19:32:40,13.71500015258789,13.71563,SELL
665,19:32:40,13.7284996509552,13.71885,SELL
666,19:32:40,13.7274751663208,13.721,SELL
667,19:32:40,13.725750207901001,13.72219,SELL
668,19:32:40,13.727275133132935,13.72346,SELL
669,19:32:40,13.712475061416626,13.72071,SELL
670,19:32:40,13.721699714660645,13.72096,SELL
671,19:32:40,13.734949827194214,13.72446,SELL
672,19:32:40,13.726250171661377,13.72491,SELL
673,19:32:40,13.721199989318848,13.72398,SELL
674,19:32:40,13.726250171661377,13.72455,SELL
675,19:32:40,13.710000038146973,13.72091,SELL
676,19:32:40,13.708750009536743,13.71787,SELL
677,19:32:40,13.707499980926514,13.71528,SELL
678,19:32:40,13.704999923706055,13.71271,SELL
679,19:32:40,13.694774866104126,13.70822,SELL
680,19:32:40,13.698749780654907,13.70586,SELL
681,19:32:40,13.677500009536743,13.69877,SELL
682,19:32:40,13.677200078964233,13.69338,SELL
683,19:32:40,13.656524658203125,13.68416,SELL
684,19:32:40,13.65999984741211,13.67812,SELL
685,19:32:40,13.65999984741211,13.67359,SELL
686,19:32:40,13.654999732971191,13.66894,SELL
687,19:32:40,13.64145016670227,13.66207,SELL
688,19:32:40,13.639000177383423,13.6563,SELL
689,19:32:40,13.627475023269653,13.6491,SELL
690,19:32:40,13.614974737167358,13.64057,SELL
691,19:32:40,13.608199834823608,13.63247,SELL
692,19:32:40,13.607499837875366,13.62623,SELL
693,19:32:40,13.630249738693237,13.62724,SELL
694,19:32:40,13.633749961853027,13.62886,SELL
695,19:32:40,13.622499942779541,13.62727,SELL
696,19:32:40,13.605900287628174,13.62193,SELL
697,19:32:40,13.585000038146973,13.6127,SELL
698,19:32:40,13.572499990463257,13.60265,SELL
699,19:32:40,13.557500123977661,13.59136,SELL
700,19:32:40,13.551250219345093,13.58133,SELL
701,19:32:40,13.54497504234314,13.57224,SELL
702,19:32:40,13.53499984741211,13.56293,SELL
703,19:32:40,13.57004976272583,13.56471,SELL
704,19:32:40,13.557500123977661,13.56291,SELL
705,19:32:40,13.536249876022339,13.55624,SELL
706,19:32:40,13.53250002861023,13.55031,SELL
707,19:32:40,13.545000076293945,13.54898,SELL
708,19:32:40,13.538749933242798,13.54642,SELL
709,19:32:40,13.548750162124634,13.54701,SELL
710,19:32:40,13.539974927902222,13.54525,SELL
711,19:32:40,13.53499984741211,13.54269,SELL
712,19:32:40,13.531249761581421,13.53983,SELL
713,19:32:40,13.522475242614746,13.53549,SELL
714,19:32:40,13.524999856948853,13.53287,SELL
715,19:32:40,13.53944993019104,13.53451,SELL
716,19:32:40,13.557500123977661,13.54026,SELL
717,19:32:40,13.585000038146973,13.55144,SELL
718,19:32:40,13.658250093460083,13.57815,SELL
719,19:32:40,13.65749979019165,13.59798,SELL
720,19:32:40,13.605000019073486,13.59974,SELL
721,19:32:40,13.613749980926514,13.60324,SELL
722,19:32:40,13.601200103759766,13.60273,SELL
723,19:32:40,13.589149713516235,13.59934,SELL
724,19:32:40,13.579999923706055,13.5945,SELL
725,19:32:40,13.562425374984741,13.58648,SELL
726,19:32:40,13.560524702072144,13.57999,SELL
727,19:32:40,13.587500095367432,13.58187,SELL
728,19:32:40,13.596250057220459,13.58546,SELL
729,19:32:40,13.576249599456787,13.58316,SELL
730,19:32:40,13.567499876022339,13.57925,SELL
731,19:32:40,13.546249866485596,13.571,SELL
732,19:32:40,13.553750276565552,13.56669,SELL
733,19:32:40,13.547425031661987,13.56187,SELL
734,19:32:40,13.537499904632568,13.55578,SELL
735,19:32:40,13.544749975204468,13.55302,SELL
736,19:32:40,13.529500007629395,13.54714,SELL
737,19:32:40,13.512500047683716,13.53848,SELL
738,19:32:40,13.507500171661377,13.53074,SELL
739,19:32:40,13.488749980926514,13.52024,SELL
740,19:32:40,13.5152747631073,13.519,SELL
741,19:32:40,13.535624980926514,13.52315,SELL
742,19:32:40,13.551250219345093,13.53018,SELL
743,19:32:40,13.551350116729736,13.53547,SELL
744,19:32:40,13.552950143814087,13.53984,SELL
745,19:32:40,13.558200120925903,13.54443,SELL
746,19:32:40,13.543750047683716,13.54426,SELL
747,19:32:40,13.53499984741211,13.54195,SELL
748,19:32:40,13.52999997138977,13.53896,SELL
749,19:32:40,13.540000200271606,13.53922,SELL
750,19:32:40,13.549999952316284,13.54191,SELL
751,19:32:40,13.54765009880066,13.54335,SELL
752,19:32:40,13.56374979019165,13.54845,SELL
753,19:32:40,13.585000276565552,13.55759,SELL
754,19:32:40,13.605849981307983,13.56965,SELL
755,19:32:40,13.61882495880127,13.58195,SELL
756,19:32:40,13.600650072097778,13.58662,SELL
757,19:32:40,13.598750114440918,13.58965,SELL
758,19:32:40,13.601249694824219,13.59255,SELL
759,19:32:40,13.6110999584198,13.59719,SELL
760,19:32:40,13.620000123977661,13.60289,SELL
761,19:32:40,13.625,13.60842,SELL
762,19:32:40,13.617499828338623,13.61069,SELL
763,19:32:40,13.633749961853027,13.61645,SELL
764,19:32:40,13.647499799728394,13.62422,SELL
765,19:32:40,13.661250114440918,13.63347,SELL
766,19:32:40,13.652499914169312,13.63823,SELL
767,19:32:40,13.662499904632568,13.6443,SELL
768,19:32:40,13.72124981880188,13.66354,SELL
769,19:32:40,13.695000171661377,13.6714,SELL
770,19:32:40,13.676250219345093,13.67261,SELL
771,19:32:40,13.682500123977661,13.67509,SELL
772,19:32:40,13.678750038146973,13.676,SELL
773,19:32:40,13.642475128173828,13.66762,SELL
774,19:32:40,13.647499799728394,13.66259,SELL
775,19:32:40,13.652499675750732,13.66007,SELL
776,19:32:40,13.645000219345093,13.6563,SELL
777,19:32:40,13.631250143051147,13.65004,SELL
778,19:32:40,113.88625144958496,,
779,19:32:40,114.09000205993652,,
780,19:32:40,113.97179985046387,,
781,19:32:40,114.10000228881836,82.26902,SELL
782,19:32:40,113.95464897155762,90.19043,SELL
783,19:32:40,113.55252456665039,96.03095,SELL
784,19:32:40,113.57124900817871,100.41602,SELL
785,19:32:40,113.90875053405762,103.78921,SELL
786,19:32:40,113.92500114440918,106.32316,SELL
787,19:32:40,113.84124755859375,108.20268,SELL
788,19:32:40,113.79770278930664,109.60143,SELL
789,19:32:40,113.89999961853027,110.67608,SELL
790,19:32:40,114.08999824523926,111.52956,SELL
791,19:32:40,114.0374984741211,112.15654,SELL
792,19:32:40,113.95880126953125,112.60711,SELL
793,19:32:40,113.94000053405762,112.94033,SELL
794,19:32:40,113.65250015258789,113.11837,SELL
795,19:32:40,113.56102561950684,113.22904,SELL
796,19:32:40,113.44500160217285,113.28303,SELL
797,19:32:40,113.40500259399414,113.31352,SELL
798,19:32:40,113.25249862670898,113.29827,SELL
799,19:32:40,113.15999984741211,113.2637,SELL
800,19:32:40,113.09000015258789,113.22027,SELL
801,19:32:40,112.97994995117188,113.16019,SELL
802,19:32:40,112.92847633361816,113.10226,SELL
803,19:32:40,112.77250099182129,113.01982,SELL
804,19:32:40,112.72855186462402,112.94701,SELL
805,19:32:40,112.59499931335449,112.859,SELL
806,19:32:40,112.50499725341797,112.7705,SELL
807,19:32:40,112.44002723693848,112.68788,SELL
808,19:32:40,112.50000190734863,112.64091,SELL
809,19:32:40,112.61624908447266,112.63475,SELL
810,19:32:40,112.69750022888184,112.65044,SELL
811,19:32:40,112.75499725341797,112.67658,SELL
812,19:32:40,112.6450023651123,112.66868,SELL
813,19:32:40,112.4950008392334,112.62526,SELL
814,19:32:40,112.62250137329102,112.62457,SELL
815,19:32:40,112.60750007629395,112.6203,SELL
816,19:32:40,112.63757514953613,112.62462,SELL
817,19:32:40,112.65499877929688,112.63222,SELL
818,19:32:40,112.65750122070312,112.63854,SELL
819,19:32:40,112.70747566223145,112.65577,SELL
820,19:32:40,112.53750038146973,112.6262,SELL
821,19:32:40,112.54249954223633,112.60528,SELL
822,19:32:40,112.63500022888184,112.61271,SELL
823,19:32:40,112.65750122070312,112.62391,SELL
824,19:32:40,112.70249938964844,112.64355,SELL
825,19:32:40,112.76747703552246,112.67454,SELL
826,19:32:40,112.79249954223633,112.70403,SELL
827,19:32:40,112.7125015258789,112.70615,SELL
828,19:32:40,112.67625045776367,112.69867,SELL
829,19:32:40,112.63312339782715,112.68228,SELL
830,19:32:40,112.65874862670898,112.6764,SELL
831,19:32:40,112.46124839782715,112.62261,SELL
832,19:32:40,112.45499801635742,112.58071,SELL
833,19:32:40,112.31249809265137,112.51366,SELL
834,19:32:40,112.34952735900879,112.47262,SELL
835,19:32:40,112.4000015258789,112.45447,SELL
836,19:32:40,112.47749900817871,112.46023,SELL
837,19:32:40,112.44500350952148,112.45642,SELL
838,19:32:40,112.42375183105469,112.44825,SELL
839,19:32:40,112.61249923706055,112.48931,SELL
840,19:32:40,112.83124923706055,112.5748,SELL
841,19:32:40,112.72530174255371,112.61242,SELL
842,19:32:40,112.62874984741211,112.61651,SELL
843,19:32:40,112.89250183105469,112.6855,SELL
844,19:32:40,113.0,112.76413,SELL
845,19:32:40,112.97500038146973,112.81685,SELL
846,19:32:40,113.04999732971191,112.87513,SELL
847,19:32:40,113.16749954223633,112.94823,SELL
848,19:32:40,113.25000190734863,113.02367,SELL
849,19:32:40,113.23250007629395,113.07588,SELL
850,19:32:40,113.30999755859375,113.13441,SELL
851,19:32:40,113.34250259399414,113.18643,SELL
852,19:32:40,113.23375129699707,113.19826,SELL
853,19:32:40,113.22999954223633,113.2062,SELL
854,19:32:40,113.28374862670898,113.22558,SELL
855,19:32:40,113.27249908447266,113.23731,SELL
856,19:32:40,113.26487731933594,113.2442,SELL
857,19:32:40,113.34500122070312,113.2694,SELL
858,19:32:40,113.4625015258789,113.31768,SELL
859,19:32:40,113.52000045776367,113.36826,SELL
860,19:32:40,113.73999786376953,113.46119,SELL
861,19:32:40,113.85499954223633,113.55964,SELL
862,19:32:40,113.95339965820312,113.65808,SELL
863,19:32:40,113.99249839782715,113.74169,SELL
864,19:32:40,113.91462516784668,113.78492,SELL
865,19:32:40,113.74499893188477,113.77494,SELL
866,19:32:40,113.56717491149902,113.723,SELL
867,19:32:40,113.47749900817871,113.66162,SELL
868,19:32:40,113.4537525177002,113.60966,SELL
869,19:32:40,113.4587516784668,113.57193,SELL
870,19:32:40,113.41250038146973,113.53207,SELL
871,19:32:40,113.41500091552734,113.5028,SELL
872,19:32:40,113.44870185852051,113.48928,SELL
873,19:32:40,113.42499732971191,113.47321,SELL
874,19:32:40,113.55000114440918,113.49241,SELL
875,19:32:40,113.5357494354248,113.50324,SELL
876,19:32:40,113.54424858093262,113.51349,SELL
