,Current Time,Price,Moving Average,Action
0,19:19:02,59.270050048828125,,
1,19:19:02,59.38749885559082,,
2,19:19:02,59.327199935913086,,
3,19:19:02,59.24785137176514,59.30177,BUY
4,19:19:02,59.197500228881836,59.26759,BUY
5,19:19:02,59.15750026702881,59.23411,BUY
6,19:19:02,59.17500019073486,59.21706,BUY
7,19:19:02,59.30994892120361,59.24286,SELL
8,19:19:02,59.32249927520752,59.26439,SELL
9,19:19:02,59.257500648498535,59.26256,BUY
10,19:19:02,59.105000495910645,59.22144,BUY
11,19:19:02,59.00624942779541,59.16588,BUY
12,19:19:02,59.015000343322754,59.12724,BUY
13,19:19:02,59.153300285339355,59.13387,SELL
14,19:19:02,59.25559997558594,59.16472,SELL
15,19:19:02,59.32500076293945,59.20519,SELL
16,19:19:02,59.378750801086426,59.24891,SELL
17,19:19:02,59.25749969482422,59.25107,SELL
18,19:19:02,59.22499942779541,59.24453,BUY
19,19:19:02,59.30294990539551,59.25918,SELL
20,19:19:02,59.23249912261963,59.25249,BUY
21,19:19:02,59.24755096435547,59.25125,BUY
22,19:19:02,59.24875068664551,59.25063,BUY
23,19:19:02,59.29874897003174,59.26267,SELL
24,19:19:02,59.30625057220459,59.27357,SELL
25,19:19:02,59.2762508392334,59.27424,SELL
26,19:19:02,59.147499084472656,59.24254,BUY
27,19:19:02,59.11000061035156,59.2094,BUY
28,19:19:02,59.087501525878906,59.17892,BUY
29,19:19:02,59.07735061645508,59.15352,BUY
30,19:19:02,59.12874984741211,59.14733,BUY
31,19:19:02,59.05855083465576,59.12513,BUY
32,19:19:02,59.0525016784668,59.10697,BUY
33,19:19:02,59.14999866485596,59.11773,SELL
34,19:19:02,59.131874084472656,59.12127,SELL
35,19:19:02,59.2450008392334,59.1522,SELL
36,19:19:02,59.31282615661621,59.19236,SELL
37,19:19:02,59.355549812316895,59.23316,SELL
38,19:19:02,59.304999351501465,59.25112,SELL
39,19:19:02,59.31295108795166,59.26658,SELL
40,19:19:02,59.42752456665039,59.30681,SELL
41,19:19:02,59.40999984741211,59.33261,SELL
42,19:19:02,59.40500068664551,59.35071,SELL
43,19:19:02,59.45000076293945,59.37553,SELL
44,19:19:02,59.38499927520752,59.3779,SELL
45,19:19:02,59.45032596588135,59.39601,SELL
46,19:19:02,59.49690055847168,59.42123,SELL
47,19:19:02,59.477500915527344,59.4353,SELL
48,19:19:02,59.412574768066406,59.42962,BUY
49,19:19:02,59.392476081848145,59.42033,BUY
50,19:19:02,59.36875057220459,59.40744,BUY
51,19:19:02,59.2737512588501,59.37401,BUY
52,19:19:02,59.283748626708984,59.35145,BUY
53,19:19:02,59.26867485046387,59.33075,BUY
54,19:19:02,59.25,59.31057,BUY
55,19:19:02,59.2549991607666,59.29667,BUY
56,19:19:02,59.239450454711914,59.28237,BUY
57,19:19:02,59.24412441253662,59.27281,BUY
58,19:19:02,59.24499988555908,59.26586,BUY
59,19:19:02,59.220998764038086,59.25464,BUY
60,19:19:02,59.23500061035156,59.24973,BUY
61,19:19:02,59.157501220703125,59.22667,BUY
62,19:19:02,59.034250259399414,59.17857,BUY
63,19:19:02,59.059349060058594,59.14876,BUY
64,19:19:02,59.066250801086426,59.12814,BUY
65,19:19:02,59.04820156097412,59.10815,BUY
66,19:19:02,58.99749946594238,59.08049,BUY
67,19:19:02,58.959999084472656,59.05037,BUY
68,19:19:02,58.99020004272461,59.03532,BUY
69,19:19:02,59.035000801086426,59.03524,BUY
70,19:19:02,59.12014961242676,59.05647,SELL
71,19:19:02,59.17499923706055,59.0861,SELL
72,19:19:02,59.18175029754639,59.11001,SELL
73,19:19:02,59.18009948730469,59.12754,SELL
74,19:19:02,59.15500068664551,59.1344,SELL
75,19:19:02,59.170000076293945,59.1433,SELL
76,19:19:02,59.21875,59.16216,SELL
77,19:19:02,59.166250228881836,59.16319,SELL
78,19:19:02,59.1512508392334,59.1602,BUY
79,19:19:02,59.22249984741211,59.17578,SELL
80,19:19:02,59.20617389678955,59.18338,SELL
81,19:19:02,59.24374961853027,59.19847,SELL
82,19:19:02,59.32624912261963,59.23041,SELL
83,19:19:02,59.396249771118164,59.27187,SELL
84,19:19:02,59.424899101257324,59.31013,SELL
85,19:19:02,59.40855026245117,59.33473,SELL
86,19:19:02,59.37374973297119,59.34449,SELL
87,19:19:02,59.3824987411499,59.35399,SELL
88,19:19:02,59.36875057220459,59.35768,SELL
89,19:19:02,59.38350009918213,59.36414,SELL
90,19:19:02,59.46000003814697,59.3881,SELL
91,19:19:02,59.451250076293945,59.40389,SELL
92,19:19:02,59.406250953674316,59.40448,SELL
93,19:19:02,59.35500144958496,59.39211,BUY
94,19:19:02,59.30095100402832,59.36932,BUY
95,19:19:02,59.30125141143799,59.3523,BUY
96,19:19:02,59.31280040740967,59.34243,BUY
97,19:19:02,59.36000061035156,59.34682,SELL
98,19:19:02,59.417500495910645,59.36449,SELL
99,19:19:03,59.40275001525879,59.37406,SELL
100,19:19:03,59.40544891357422,59.3819,SELL
101,19:19:03,59.42685031890869,59.39314,SELL
102,19:19:03,59.43124866485596,59.40267,SELL
103,19:19:03,59.429999351501465,59.4095,SELL
104,19:19:03,59.388750076293945,59.40431,BUY
105,19:19:03,59.3774995803833,59.39761,BUY
106,19:19:03,59.30999946594238,59.37571,BUY
107,19:19:03,59.2425012588501,59.34241,BUY
108,19:19:03,59.23500061035156,59.31555,BUY
109,19:19:03,59.22392463684082,59.29265,BUY
110,19:19:03,59.25500011444092,59.28324,BUY
111,19:19:03,59.26424980163574,59.27849,BUY
112,19:19:03,59.30250072479248,59.28449,SELL
113,19:19:03,59.28499889373779,59.28462,SELL
114,19:19:03,59.28434944152832,59.28455,BUY
115,19:19:03,59.2737512588501,59.28185,BUY
116,19:19:03,59.265000343322754,59.27764,BUY
117,19:19:03,59.299824714660645,59.28319,SELL
118,19:19:03,59.285000801086426,59.28364,SELL
119,19:19:03,59.25250053405762,59.27585,BUY
120,19:19:03,59.33250045776367,59.29002,SELL
121,19:19:03,59.357200622558594,59.30681,SELL
122,19:19:03,59.39375114440918,59.32855,SELL
123,19:19:03,59.36452579498291,59.33754,SELL
124,19:19:03,59.35124969482422,59.34097,SELL
125,19:19:03,59.36455059051514,59.34686,SELL
126,19:19:03,59.43590068817139,59.36912,SELL
127,19:19:03,59.45375061035156,59.39028,SELL
128,19:19:03,59.48749923706055,59.41458,SELL
129,19:19:03,59.427499771118164,59.41781,SELL
130,19:19:03,59.42250061035156,59.41899,SELL
131,19:19:03,59.45052433013916,59.42687,SELL
132,19:19:03,59.43850040435791,59.42978,SELL
133,19:19:03,59.39999961853027,59.42233,BUY
134,19:19:03,59.375,59.4105,BUY
135,19:19:03,59.352524757385254,59.39601,BUY
136,19:19:03,59.32249927520752,59.37763,BUY
137,19:19:03,59.32249927520752,59.36385,BUY
138,19:19:03,59.30375099182129,59.34882,BUY
139,19:19:03,59.275800704956055,59.33057,BUY
140,19:19:03,59.30805015563965,59.32494,BUY
141,19:19:03,59.33749961853027,59.32808,SELL
142,19:19:03,59.36249923706055,59.33668,SELL
143,19:19:03,59.37750053405762,59.34689,SELL
144,19:19:03,59.24749946594238,59.32204,BUY
145,19:19:03,59.23749923706055,59.30091,BUY
146,19:19:03,59.24460029602051,59.28683,BUY
147,19:19:03,59.17749881744385,59.2595,BUY
148,19:19:03,59.14124870300293,59.22993,BUY
149,19:19:03,59.1225004196167,59.20308,BUY
150,19:19:03,59.09500026702881,59.17606,BUY
151,19:19:03,59.114999771118164,59.16079,BUY
152,19:19:03,59.19874954223633,59.17028,SELL
153,19:19:03,59.207600593566895,59.17961,SELL
154,19:19:03,59.24625110626221,59.19627,SELL
155,19:19:03,59.25125026702881,59.21002,SELL
156,19:19:03,59.25874996185303,59.2222,SELL
157,19:19:03,59.298749923706055,59.24134,SELL
158,19:19:03,59.31875038146973,59.26069,SELL
159,19:19:03,59.28125,59.26583,SELL
160,19:19:03,59.23124980926514,59.25719,BUY
161,19:19:03,59.17000102996826,59.23539,BUY
162,19:19:03,59.06500053405762,59.19279,BUY
163,19:19:03,59.0539493560791,59.15808,BUY
164,19:19:03,59.0625,59.13419,BUY
165,19:19:03,59.09875011444092,59.12533,BUY
166,19:19:03,59.0887508392334,59.11618,BUY
167,19:19:03,59.015000343322754,59.09089,BUY
168,19:19:03,59.010250091552734,59.07073,BUY
169,19:19:03,58.99499988555908,59.0518,BUY
170,19:19:03,59.02005100250244,59.04386,BUY
171,19:19:03,59.07375144958496,59.05133,SELL
172,19:19:03,59.046250343322754,59.05006,BUY
173,19:19:03,59.008750915527344,59.03973,BUY
174,19:19:03,58.971299171447754,59.02263,BUY
175,19:19:03,59.02750015258789,59.02384,SELL
176,19:19:03,59.01024913787842,59.02045,BUY
177,19:19:03,58.986050605773926,59.01185,BUY
178,19:19:03,58.927499771118164,58.99076,BUY
179,19:19:03,58.93600082397461,58.97707,BUY
180,19:19:03,58.94250011444092,58.96843,BUY
181,19:19:03,58.93625068664551,58.96038,BUY
182,19:19:03,58.89999961853027,58.94529,BUY
183,19:19:03,58.855000495910645,58.92272,BUY
184,19:19:03,58.853224754333496,58.90534,BUY
185,19:19:03,58.868425369262695,58.89611,BUY
186,19:19:03,58.83750057220459,58.88146,BUY
187,19:19:03,58.832499504089355,58.86922,BUY
188,19:19:03,58.890000343322754,58.87442,SELL
189,19:19:03,58.89249897003174,58.87894,SELL
190,19:19:03,58.92500019073486,58.89045,SELL
191,19:19:03,58.94374942779541,58.90378,SELL
192,19:19:03,58.954999923706055,58.91658,SELL
193,19:19:03,58.99625110626221,58.9365,SELL
194,19:19:03,58.9849739074707,58.94862,SELL
195,19:19:03,58.99749946594238,58.96084,SELL
196,19:19:03,58.97249984741211,58.96375,SELL
197,19:19:03,59.035000801086426,58.98157,SELL
198,19:19:03,59.04604911804199,58.99769,SELL
199,19:19:03,58.973751068115234,58.9917,BUY
200,19:19:03,58.89625072479248,58.96784,BUY
201,19:19:03,58.858750343322754,58.94057,BUY
202,19:19:03,58.843374252319336,58.91627,BUY
203,19:19:03,58.81624984741211,58.89126,BUY
204,19:19:03,58.82374954223633,58.87439,BUY
205,19:19:03,58.81750011444092,58.86016,BUY
206,19:19:03,58.80000019073486,58.84512,BUY
207,19:19:03,58.81855010986328,58.83848,BUY
208,19:19:03,58.83125019073486,58.83667,BUY
209,19:19:03,58.776248931884766,58.82157,BUY
210,19:19:03,58.747501373291016,58.80305,BUY
211,19:19:03,58.707499504089355,58.77916,BUY
212,19:19:03,58.68879985809326,58.75657,BUY
213,19:19:03,58.6983003616333,58.742,BUY
214,19:19:03,58.80000114440918,58.7565,SELL
215,19:19:03,58.821250915527344,58.77269,SELL
216,19:19:03,58.82499980926514,58.78577,SELL
217,19:19:03,58.79147529602051,58.78719,SELL
218,19:19:03,58.71505069732666,58.76916,BUY
219,19:19:03,58.68625068664551,58.74843,BUY
220,19:19:03,58.65749931335449,58.7257,BUY
221,19:19:03,58.61375045776367,58.69771,BUY
222,19:19:03,58.63542461395264,58.68214,BUY
223,19:19:03,58.65830039978027,58.67618,BUY
224,19:19:03,58.60000133514404,58.65714,BUY
225,19:19:03,58.546600341796875,58.6295,BUY
226,19:19:03,58.57755088806152,58.61651,BUY
227,19:19:03,58.5625,58.60301,BUY
228,19:19:03,58.566200256347656,58.59381,BUY
229,19:19:03,58.59952449798584,58.59524,SELL
230,19:19:03,58.60169982910156,58.59685,SELL
231,19:19:03,58.65749931335449,58.61201,SELL
232,19:19:03,58.69874954223633,58.6337,SELL
233,19:19:03,58.63749885559082,58.63465,SELL
234,19:19:03,58.49625015258789,58.60005,BUY
235,19:19:03,58.42750072479248,58.55691,BUY
236,19:19:03,58.3725004196167,58.51081,BUY
237,19:19:03,58.44375133514404,58.49404,BUY
238,19:19:03,58.41250038146973,58.47366,BUY
239,19:19:03,58.39750003814697,58.45462,BUY
240,19:19:03,58.416250228881836,58.44503,BUY
241,19:19:03,58.40997505187988,58.43626,BUY
242,19:19:03,58.42297554016113,58.43294,BUY
243,19:19:03,58.386250495910645,58.42127,BUY
244,19:19:03,58.359999656677246,58.40595,BUY
245,19:19:03,58.361249923706055,58.39478,BUY
246,19:19:03,58.40374946594238,58.39702,SELL
247,19:19:03,58.40875053405762,58.39995,SELL
248,19:19:03,58.43685054779053,58.40918,SELL
249,19:19:03,58.46750068664551,58.42376,SELL
250,19:19:03,58.515000343322754,58.44657,SELL
251,19:19:03,58.50247669219971,58.46055,SELL
252,19:19:03,58.49625015258789,58.46947,SELL
253,19:19:03,58.54867362976074,58.48927,SELL
254,19:19:03,58.56375026702881,58.50789,SELL
255,19:19:03,58.497501373291016,58.50529,BUY
256,19:19:03,58.42749881744385,58.48585,BUY
257,19:19:03,58.41475009918213,58.46807,BUY
258,19:19:03,58.441250801086426,58.46137,BUY
259,19:19:03,58.457499504089355,58.4604,BUY
260,19:19:03,58.43249988555908,58.45342,BUY
261,19:19:03,58.39750003814697,58.43944,BUY
262,19:19:03,58.47214984893799,58.44762,SELL
263,19:19:03,58.45195007324219,58.4487,SELL
264,19:19:03,58.43125057220459,58.44434,BUY
265,19:19:03,58.43624973297119,58.44232,BUY
266,19:19:03,58.38749885559082,58.42861,BUY
267,19:19:03,58.34000110626221,58.40646,BUY
268,19:19:03,58.32499980926514,58.38609,BUY
269,19:19:03,58.37750053405762,58.38395,BUY
270,19:19:03,58.32249927520752,58.36858,BUY
271,19:19:03,58.281999588012695,58.34694,BUY
272,19:19:03,58.2524995803833,58.32333,BUY
273,19:19:03,58.232500076293945,58.30062,BUY
274,19:19:03,58.25624942779541,58.28953,BUY
275,19:19:03,58.28750038146973,58.28902,BUY
276,19:19:03,58.334999084472656,58.30052,SELL
277,19:19:03,58.35375118255615,58.31382,SELL
278,19:19:03,58.343750953674316,58.32131,SELL
279,19:19:03,58.375,58.33473,SELL
280,19:19:03,58.39582347869873,58.35,SELL
281,19:19:03,58.437499046325684,58.37188,SELL
282,19:19:03,58.48755073547363,58.4008,SELL
283,19:19:03,58.512125968933105,58.42863,SELL
284,19:19:03,58.53250026702881,58.4546,SELL
285,19:19:03,58.528751373291016,58.47313,SELL
286,19:19:03,58.47999954223633,58.47485,SELL
287,19:19:03,58.437499046325684,58.46551,BUY
288,19:19:03,58.42125129699707,58.45445,BUY
289,19:19:03,58.39375114440918,58.43927,BUY
290,19:19:03,58.33000087738037,58.41196,BUY
291,19:19:03,58.35002517700195,58.39647,BUY
292,19:19:03,58.333274841308594,58.38067,BUY
293,19:19:03,58.26000118255615,58.35051,BUY
294,19:19:03,58.18499946594238,58.30913,BUY
295,19:19:03,58.19250011444092,58.27997,BUY
296,19:19:03,58.17405033111572,58.25349,BUY
297,19:19:03,58.19999980926514,58.24012,BUY
298,19:19:03,58.152750968933105,58.21828,BUY
299,19:19:03,58.21374988555908,58.21714,BUY
300,19:19:03,58.216251373291016,58.21692,BUY
301,19:19:03,58.15750026702881,58.20207,BUY
302,19:19:03,58.112600326538086,58.1797,BUY
303,19:19:03,58.11250114440918,58.1629,BUY
304,19:19:03,58.17745113372803,58.16654,SELL
305,19:19:03,58.14165019989014,58.16032,BUY
306,19:19:03,58.119998931884766,58.15024,BUY
307,19:19:03,58.092750549316406,58.13587,BUY
308,19:19:03,58.052499771118164,58.11502,BUY
309,19:19:03,58.03774929046631,58.09571,BUY
310,19:19:03,58.02150058746338,58.07715,BUY
311,19:19:03,58.03492546081543,58.0666,BUY
312,19:19:03,58.02500057220459,58.0562,BUY
313,19:19:03,57.95249938964844,58.03027,BUY
314,19:19:03,58.03750038146973,58.03208,SELL
315,19:19:03,57.9950008392334,58.02281,BUY
316,19:19:03,57.94499969482422,58.00336,BUY
317,19:19:03,57.94000053405762,57.98752,BUY
318,19:19:03,57.955875396728516,57.97961,BUY
319,19:19:03,57.95250129699707,57.97283,BUY
320,19:19:03,58.0287504196167,57.98681,SELL
321,19:19:03,57.95124912261963,57.97792,BUY
322,19:19:03,57.954999923706055,57.97219,BUY
323,19:19:03,57.89249897003174,57.95227,BUY
324,19:19:03,57.82875061035156,57.92139,BUY
325,19:19:03,57.80134963989258,57.89138,BUY
326,19:19:03,57.8563756942749,57.88263,BUY
327,19:19:03,57.94999980926514,57.89947,SELL
328,19:19:03,58.05625057220459,57.93867,SELL
329,19:19:03,58.41624927520752,58.05806,SELL
330,19:19:03,58.427499771118164,58.15042,SELL
331,19:19:03,58.26875019073486,58.18,SELL
332,19:19:03,58.260000228881836,58.2,SELL
333,19:19:03,58.19200038909912,58.198,BUY
334,19:19:03,58.14999961853027,58.186,BUY
335,19:19:03,58.097500801086426,58.16388,BUY
336,19:19:03,58.008174896240234,58.12495,BUY
337,19:19:03,57.98614978790283,58.09025,BUY
338,19:19:03,58.08752632141113,58.08957,BUY
339,19:19:03,58.12750053405762,58.09905,SELL
340,19:19:03,58.10249996185303,58.09991,SELL
341,19:19:03,58.0649995803833,58.09119,BUY
342,19:19:03,57.98875045776367,58.06558,BUY
343,19:19:03,58.02750015258789,58.05606,BUY
344,19:19:03,58.01750087738037,58.04642,BUY
345,19:19:03,57.95750045776367,58.02419,BUY
346,19:19:03,57.96624946594238,58.0097,BUY
347,19:19:03,57.958749771118164,57.99697,BUY
348,19:19:03,57.906049728393555,57.97424,BUY
349,19:19:03,57.806251525878906,57.93224,BUY
350,19:19:03,57.7212495803833,57.87949,BUY
351,19:19:03,57.8459997177124,57.87112,BUY
352,19:19:03,57.97749996185303,57.89771,SELL
353,19:19:03,58.017499923706055,57.92766,SELL
354,19:19:03,58.02874946594238,57.95293,SELL
355,19:19:03,58.01625061035156,57.96876,SELL
356,19:19:03,58.0362491607666,57.98563,SELL
357,19:19:03,58.02750015258789,57.9961,SELL
358,19:19:03,58.01249980926514,58.0002,SELL
359,19:19:03,57.9637508392334,57.99109,BUY
360,19:19:03,57.92500019073486,57.97457,BUY
361,19:19:03,57.97249984741211,57.97405,BUY
362,19:19:03,58.04099941253662,57.99079,SELL
363,19:19:03,58.09375,58.01653,SELL
364,19:19:03,58.16250038146973,58.05302,SELL
365,19:19:03,58.22499942779541,58.09602,SELL
366,19:19:03,58.27624988555908,58.14107,SELL
367,19:19:03,58.244998931884766,58.16706,SELL
368,19:19:03,58.29624938964844,58.19935,SELL
369,19:19:03,58.242499351501465,58.21014,SELL
370,19:19:03,58.2549991607666,58.22135,SELL
371,19:19:03,58.297499656677246,58.24039,SELL
372,19:19:03,58.34999942779541,58.26779,SELL
373,19:19:03,58.32500076293945,58.2821,SELL
374,19:19:03,58.383750915527344,58.30751,SELL
375,19:19:03,58.41874980926514,58.33532,SELL
376,19:19:03,58.44807434082031,58.36351,SELL
377,19:19:03,58.380001068115234,58.36763,SELL
378,19:19:03,58.35017490386963,58.36327,BUY
379,19:19:03,58.507500648498535,58.39933,SELL
380,19:19:03,58.475399017333984,58.41834,SELL
381,19:19:03,58.39499855041504,58.41251,BUY
382,19:19:03,58.436251640319824,58.41844,SELL
383,19:19:03,58.46500015258789,58.43008,SELL
384,19:19:03,58.426249504089355,58.42912,BUY
385,19:19:03,58.4612512588501,58.43716,SELL
386,19:19:03,58.503750801086426,58.4538,SELL
387,19:19:03,58.49052429199219,58.46298,SELL
388,19:19:03,58.47249889373779,58.46536,SELL
389,19:19:03,58.480000000000004,58.46902,SELL
390,19:19:03,58.479974999999996,58.47176,SELL
391,19:19:03,58.459999999999994,58.46882,BUY
392,19:19:03,58.474999999999994,58.47037,SELL
393,19:19:03,58.462725000000006,58.46846,BUY
394,19:19:03,58.47,58.46884,SELL
395,19:19:03,58.432500000000005,58.45976,BUY
396,19:19:03,58.355,58.43357,BUY
397,19:19:03,58.39999999999999,58.42518,BUY
398,19:19:03,58.3925,58.41701,BUY
399,19:19:03,58.38,58.40775,BUY
400,19:19:03,58.38,58.40082,BUY
401,19:19:03,58.41,58.40311,SELL
402,19:19:03,58.395,58.40108,BUY
403,19:19:03,58.43,58.40831,SELL
404,19:19:03,58.48,58.42623,SELL
405,19:19:03,58.43,58.42718,SELL
406,19:19:03,58.425000000000004,58.42663,BUY
407,19:19:03,58.43,58.42747,SELL
408,19:19:03,58.4275,58.42748,SELL
409,19:19:03,58.42,58.42561,BUY
410,19:19:03,58.4075,58.42108,BUY
411,19:19:03,58.4225,58.42144,SELL
412,19:19:03,58.4525,58.4292,SELL
413,19:19:03,58.43,58.4294,SELL
414,19:19:03,58.462500000000006,58.43768,SELL
415,19:19:03,58.48,58.44826,SELL
416,19:19:03,58.48,58.45619,SELL
417,19:19:03,58.4725,58.46027,SELL
418,19:19:03,58.47,58.4627,SELL
419,19:19:03,58.48,58.46703,SELL
420,19:19:03,58.478874999999995,58.46999,SELL
421,19:19:03,58.48,58.47249,SELL
422,19:19:03,58.474999999999994,58.47312,SELL
423,19:19:03,58.48,58.47484,SELL
424,19:19:03,58.48,58.47613,SELL
425,19:19:03,58.4785,58.47672,SELL
426,19:19:03,58.47,58.47504,BUY
427,19:19:03,58.48,58.47628,SELL
428,19:19:03,58.4725,58.47534,BUY
429,19:19:03,58.48,58.4765,SELL
430,19:19:03,58.48,58.47738,SELL
431,19:19:03,58.415,58.46178,BUY
432,19:19:03,58.467499999999994,58.46321,SELL
433,19:19:03,58.48,58.46741,SELL
434,19:19:03,58.48,58.47056,SELL
435,19:19:03,58.48,58.47292,SELL
436,19:19:03,58.48,58.47469,SELL
437,19:19:03,58.48,58.47602,SELL
438,19:19:03,58.487500000000004,58.47889,SELL
439,19:19:03,58.49,58.48167,SELL
440,19:19:03,58.5,58.48625,SELL
441,19:19:03,58.53,58.49719,SELL
442,19:19:03,58.52,58.50289,SELL
443,19:19:03,58.52,58.50717,SELL
444,19:19:03,58.52,58.51038,SELL
445,19:19:03,58.5275,58.51466,SELL
446,19:19:03,58.530375,58.51859,SELL
447,19:19:03,58.5325,58.52206,SELL
448,19:19:03,58.54,58.52655,SELL
449,19:19:03,58.54,58.52991,SELL
450,19:19:03,58.54,58.53243,SELL
451,19:19:03,58.53,58.53183,BUY
452,19:19:03,58.54,58.53387,SELL
453,19:19:03,58.54,58.5354,SELL
454,19:19:03,58.53,58.53405,BUY
455,19:19:03,58.53,58.53304,BUY
456,19:19:03,58.537499999999994,58.53415,SELL
457,19:19:03,58.54,58.53562,SELL
458,19:19:03,58.50000000000001,58.52671,BUY
459,19:19:03,58.52,58.52503,BUY
460,19:19:03,58.54,58.52878,SELL
461,19:19:03,58.49,58.51908,BUY
462,19:19:03,58.54,58.52431,SELL
463,19:19:03,58.582499999999996,58.53886,SELL
464,19:19:03,58.682500000000005,58.57477,SELL
465,19:19:03,58.7,58.60608,SELL
466,19:19:03,58.7,58.62956,SELL
467,19:19:03,58.7,58.64717,SELL
468,19:19:03,58.7,58.66038,SELL
469,19:19:03,58.587500000000006,58.64216,BUY
470,19:19:03,58.667500000000004,58.64849,SELL
471,19:19:03,58.7,58.66137,SELL
472,19:19:03,58.589999999999996,58.64353,BUY
473,19:19:03,58.7,58.65765,SELL
474,19:19:03,58.6,58.64323,BUY
475,19:19:03,58.5125,58.61055,BUY
476,19:19:03,58.624975,58.61416,SELL
477,19:19:03,58.52,58.59062,BUY
478,19:19:03,58.52,58.57296,BUY
479,19:19:03,58.7,58.60472,SELL
480,19:19:03,58.557500000000005,58.59292,BUY
481,19:19:03,58.66000000000001,58.60969,SELL
482,19:19:03,58.64,58.61727,SELL
483,19:19:03,58.692499999999995,58.63607,SELL
484,19:19:03,58.64750000000001,58.63893,SELL
485,19:19:03,58.692499999999995,58.65232,SELL
486,19:19:03,58.67,58.65674,SELL
487,19:19:03,58.74,58.67756,SELL
488,19:19:03,58.55,58.64567,BUY
489,19:19:03,58.74,58.66925,SELL
490,19:19:03,58.730000000000004,58.68444,SELL
491,19:19:03,58.662499999999994,58.67895,BUY
492,19:19:03,58.7,58.68422,SELL
493,19:19:03,58.7,58.68816,SELL
494,19:19:03,58.614999999999995,58.66987,BUY
495,19:19:03,58.7,58.6774,SELL
496,19:19:03,58.7,58.68305,SELL
497,19:19:03,58.7,58.68729,SELL
498,19:19:03,58.7,58.69047,SELL
499,19:19:03,58.61,58.67035,BUY
500,19:19:03,58.56,58.64276,BUY
501,19:19:03,58.68,58.65207,SELL
502,19:19:03,58.65,58.65155,BUY
503,19:19:03,58.56,58.62867,BUY
504,19:19:03,58.6775,58.64087,SELL
505,19:19:03,58.6325,58.63878,BUY
506,19:19:03,58.482499999999995,58.59971,BUY
507,19:19:03,58.464999999999996,58.56603,BUY
508,19:19:03,58.47,58.54202,BUY
509,19:19:03,58.48,58.52652,BUY
510,19:19:03,58.44,58.50489,BUY
511,19:19:03,58.47,58.49617,BUY
512,19:19:03,58.47,58.48962,BUY
513,19:19:03,58.4475,58.47909,BUY
514,19:19:03,58.4725,58.47745,BUY
515,19:19:03,58.4675,58.47496,BUY
516,19:19:03,58.45,58.46872,BUY
517,19:19:03,58.5,58.47654,SELL
518,19:19:03,58.4775,58.47678,SELL
519,19:19:03,58.5,58.48258,SELL
520,19:19:03,58.4,58.46194,BUY
521,19:19:03,58.595,58.4952,SELL
522,19:19:03,58.57,58.5139,SELL
523,19:19:03,58.55500000000001,58.52418,SELL
524,19:19:03,58.55,58.53063,SELL
525,19:19:03,58.54,58.53297,SELL
526,19:19:03,58.53,58.53223,BUY
527,19:19:03,58.52,58.52917,BUY
528,19:19:03,58.52,58.52688,BUY
529,19:19:03,58.505,58.52141,BUY
530,19:19:03,58.4975,58.51543,BUY
531,19:19:03,58.537499999999994,58.52095,SELL
532,19:19:03,58.474999999999994,58.50946,BUY
533,19:19:03,58.497499999999995,58.50647,BUY
534,19:19:03,58.51,58.50735,SELL
535,19:19:03,58.53,58.51302,SELL
536,19:19:03,58.474999999999994,58.50351,BUY
537,19:19:03,58.525000000000006,58.50888,SELL
538,19:19:03,58.5225,58.51229,SELL
539,19:19:03,58.49,58.50672,BUY
540,19:19:03,58.49,58.50254,BUY
541,19:19:03,58.49,58.4994,BUY
542,19:19:03,58.49,58.49705,BUY
543,19:19:03,58.53,58.50529,SELL
544,19:19:03,58.5,58.50397,BUY
545,19:19:03,58.55,58.51548,SELL
546,19:19:03,58.55,58.52411,SELL
547,19:19:03,58.54,58.52808,SELL
548,19:19:03,58.505,58.52231,BUY
