,Current Time,Price,Moving Average,Action
0,19:21:10,48.86125087738037,,
1,19:21:10,48.845001220703125,,
2,19:21:10,48.80249881744385,,
3,19:21:10,48.77124881744385,48.80888,BUY
4,19:21:10,48.7862491607666,48.80146,BUY
5,19:21:10,48.779998779296875,48.79493,BUY
6,19:21:10,48.7450008392334,48.78053,BUY
7,19:21:10,48.77999973297119,48.78038,BUY
8,19:21:10,48.85375118255615,48.80021,SELL
9,19:21:10,48.89999961853027,48.82665,SELL
10,19:21:10,48.83392524719238,48.82855,SELL
11,19:21:10,48.83625030517578,48.83054,SELL
12,19:21:10,48.84749984741211,48.83488,SELL
13,19:21:10,48.91749954223633,48.85591,SELL
14,19:21:10,48.92624855041504,48.87373,SELL
15,19:21:10,48.91499996185303,48.88415,SELL
16,19:21:10,48.97500038146973,48.90704,SELL
17,19:21:10,48.95750045776367,48.91972,SELL
18,19:21:10,48.89249897003174,48.91289,BUY
19,19:21:10,48.91374969482422,48.91311,SELL
20,19:21:10,48.937499046325684,48.91922,SELL
21,19:21:10,48.977500915527344,48.93381,SELL
22,19:21:10,48.984999656677246,48.94663,SELL
23,19:21:10,48.980000495910645,48.95498,SELL
24,19:21:10,48.922499656677246,48.94685,BUY
25,19:21:10,48.898024559020996,48.93464,BUY
26,19:21:10,48.87375068664551,48.91941,BUY
27,19:21:10,48.86875057220459,48.90674,BUY
28,19:21:10,48.8700008392334,48.89755,BUY
29,19:21:10,48.907498359680176,48.90004,SELL
30,19:21:10,48.928274154663086,48.9071,SELL
31,19:21:10,48.97499942779541,48.92408,SELL
32,19:21:10,49.019999504089355,48.94806,SELL
33,19:21:10,48.977500915527344,48.95542,SELL
34,19:21:10,48.97749900817871,48.96094,SELL
35,19:21:10,48.96249961853027,48.96133,SELL
36,19:21:10,49.0,48.971,SELL
37,19:21:10,49.03249931335449,48.98637,SELL
38,19:21:10,49.09999942779541,49.01478,SELL
39,19:21:10,49.16499996185303,49.05234,SELL
40,19:21:10,49.209999084472656,49.09175,SELL
41,19:21:10,49.172499656677246,49.11194,SELL
42,19:21:10,49.13999938964844,49.11895,SELL
43,19:21:10,49.269999504089355,49.15672,SELL
44,19:21:10,49.250749588012695,49.18022,SELL
45,19:21:10,49.29999923706055,49.21017,SELL
46,19:21:10,49.2425012588501,49.21825,SELL
47,19:21:10,49.21500015258789,49.21744,BUY
48,19:21:10,49.20249938964844,49.2137,BUY
49,19:21:10,49.17749881744385,49.20465,BUY
50,19:21:10,49.16249942779541,49.19411,BUY
51,19:21:10,49.194499015808105,49.19421,SELL
52,19:21:10,49.23750019073486,49.20503,SELL
53,19:21:10,49.28375053405762,49.22471,SELL
54,19:21:10,49.32000160217285,49.24853,SELL
55,19:21:10,49.35749912261963,49.27578,SELL
56,19:21:10,49.27499866485596,49.27558,BUY
57,19:21:10,49.251874923706055,49.26965,BUY
58,19:21:10,49.22999954223633,49.25974,BUY
59,19:21:10,49.2524995803833,49.25793,BUY
60,19:21:10,49.26749897003174,49.26032,SELL
61,19:21:10,49.28000068664551,49.26524,SELL
62,19:21:10,49.2524995803833,49.26206,BUY
63,19:21:10,49.28750038146973,49.26842,SELL
64,19:21:10,49.27000045776367,49.26881,SELL
65,19:21:10,49.27000045776367,49.26911,SELL
66,19:21:10,49.279998779296875,49.27183,SELL
67,19:21:10,49.37249946594238,49.297,SELL
68,19:21:10,49.378750801086426,49.31744,SELL
69,19:21:10,49.34999942779541,49.32558,SELL
70,19:21:10,49.361249923706055,49.3345,SELL
71,19:21:10,49.36375045776367,49.34181,SELL
72,19:21:10,49.34749984741211,49.34323,SELL
73,19:21:10,49.34999942779541,49.34492,SELL
74,19:21:10,49.34499931335449,49.34494,SELL
75,19:21:10,49.3412504196167,49.34402,BUY
76,19:21:10,49.3818244934082,49.35347,SELL
77,19:21:10,49.41624927520752,49.36917,SELL
78,19:21:10,49.4449987411499,49.38812,SELL
79,19:21:10,49.51250076293945,49.41922,SELL
80,19:21:10,49.515000343322754,49.44316,SELL
81,19:21:10,49.529998779296875,49.46487,SELL
82,19:21:10,49.4925012588501,49.47178,SELL
83,19:21:10,49.502498626708984,49.47946,SELL
84,19:21:10,49.5099983215332,49.48709,SELL
85,19:21:10,49.5099983215332,49.49282,SELL
86,19:21:10,49.60249900817871,49.52024,SELL
87,19:21:10,49.5987491607666,49.53987,SELL
88,19:21:10,49.607500076293945,49.55678,SELL
89,19:21:10,49.599998474121094,49.56758,SELL
90,19:21:10,49.617499351501465,49.58006,SELL
91,19:21:10,49.65750026702881,49.59942,SELL
92,19:21:10,49.68375015258789,49.6205,SELL
93,19:21:10,49.67749881744385,49.63475,SELL
94,19:21:10,49.65500068664551,49.63981,SELL
95,19:21:10,49.66999816894531,49.64736,SELL
96,19:21:10,49.67124843597412,49.65333,SELL
97,19:21:10,49.7067756652832,49.66669,SELL
98,19:21:10,49.70500087738037,49.67627,SELL
99,19:21:10,49.66999816894531,49.6747,BUY
100,19:21:10,49.71417427062988,49.68457,SELL
101,19:21:10,49.683749198913574,49.68436,BUY
102,19:21:10,49.69375038146973,49.68671,SELL
103,19:21:10,49.66374969482422,49.68097,BUY
104,19:21:10,49.607500076293945,49.6626,BUY
105,19:21:10,49.611249923706055,49.64976,BUY
106,19:21:10,49.63249969482422,49.64545,BUY
107,19:21:10,49.65250110626221,49.64721,SELL
108,19:21:10,49.66999816894531,49.65291,SELL
109,19:21:10,49.6662483215332,49.65624,SELL
110,19:21:10,49.642499923706055,49.65281,BUY
111,19:21:10,49.570000648498535,49.63211,BUY
112,19:21:10,49.56999969482422,49.61658,BUY
113,19:21:10,49.53999900817871,49.59743,BUY
114,19:21:10,49.540000915527344,49.58308,BUY
115,19:21:10,49.567501068115234,49.57918,BUY
116,19:21:10,49.52499866485596,49.56564,BUY
117,19:21:10,49.52000045776367,49.55423,BUY
118,19:21:10,49.5550012588501,49.55442,SELL
119,19:21:10,49.58750057220459,49.56269,SELL
120,19:21:10,49.58000183105469,49.56702,SELL
121,19:21:10,49.58125114440918,49.57058,SELL
122,19:21:10,49.5287504196167,49.56012,BUY
123,19:21:10,49.53375053405762,49.55353,BUY
124,19:21:10,49.53249931335449,49.54827,BUY
125,19:21:10,49.459999084472656,49.5262,BUY
126,19:21:10,49.4350004196167,49.5034,BUY
127,19:21:10,49.439998626708984,49.48755,BUY
128,19:21:10,49.4350004196167,49.47441,BUY
129,19:21:10,49.43124961853027,49.46362,BUY
130,19:21:10,49.46250057220459,49.46334,BUY
131,19:21:10,49.48124980926514,49.46782,SELL
132,19:21:10,49.47762489318848,49.47027,SELL
133,19:21:10,49.53249931335449,49.48583,SELL
134,19:21:10,49.5337495803833,49.49781,SELL
135,19:21:10,49.551249504089355,49.51117,SELL
136,19:21:10,49.56999969482422,49.52588,SELL
137,19:21:10,49.55500030517578,49.53316,SELL
138,19:21:10,49.570000648498535,49.54237,SELL
139,19:21:10,49.59000015258789,49.55428,SELL
140,19:21:10,49.554999351501465,49.55446,SELL
141,19:21:10,49.52250003814697,49.54647,BUY
142,19:21:10,49.53999996185303,49.54485,BUY
143,19:21:10,49.535000801086426,49.54239,BUY
144,19:21:10,49.540000915527344,49.54179,BUY
145,19:21:10,49.59000015258789,49.55384,SELL
146,19:21:10,49.58000183105469,49.56038,SELL
147,19:21:10,49.55624866485596,49.55935,BUY
148,19:21:10,49.552499771118164,49.55764,BUY
149,19:21:10,49.5649995803833,49.55948,SELL
150,19:21:10,49.57749938964844,49.56398,SELL
151,19:21:10,49.572500228881836,49.56611,SELL
152,19:21:10,49.56125068664551,49.5649,BUY
153,19:21:10,49.47375011444092,49.54211,BUY
154,19:21:10,49.47999954223633,49.52658,BUY
155,19:21:10,49.43869972229004,49.50461,BUY
156,19:21:10,49.3725004196167,49.47158,BUY
157,19:21:10,49.37625026702881,49.44775,BUY
158,19:21:10,49.379024505615234,49.43057,BUY
159,19:21:10,49.36499881744385,49.41418,BUY
160,19:21:10,49.380001068115234,49.40563,BUY
161,19:21:10,49.3512487411499,49.39204,BUY
162,19:21:10,49.36000061035156,49.38403,BUY
163,19:21:10,49.34000015258789,49.37302,BUY
164,19:21:10,49.33000183105469,49.36227,BUY
165,19:21:10,49.359999656677246,49.3617,BUY
166,19:21:10,49.382500648498535,49.3669,SELL
167,19:21:10,49.39500141143799,49.37393,SELL
168,19:21:10,49.40999984741211,49.38294,SELL
169,19:21:10,49.45499897003174,49.40096,SELL
170,19:21:10,49.46500110626221,49.41697,SELL
171,19:21:10,49.45249938964844,49.42585,SELL
172,19:21:10,49.45767593383789,49.43381,SELL
173,19:21:10,49.489624977111816,49.44776,SELL
174,19:21:11,49.49499988555908,49.45957,SELL
175,19:21:11,49.5099983215332,49.47218,SELL
176,19:21:11,49.463751792907715,49.47007,BUY
177,19:21:11,49.44999885559082,49.46505,BUY
178,19:21:11,49.42250061035156,49.45442,BUY
179,19:21:11,49.434998512268066,49.44956,BUY
180,19:21:11,49.407501220703125,49.43905,BUY
181,19:21:11,49.38125038146973,49.4246,BUY
182,19:21:11,49.33000183105469,49.40095,BUY
183,19:21:11,49.32499980926514,49.38196,BUY
184,19:21:11,49.32725143432617,49.36828,BUY
185,19:21:11,49.35249900817871,49.36434,BUY
186,19:21:11,49.357500076293945,49.36263,BUY
187,19:21:11,49.34000015258789,49.35697,BUY
188,19:21:11,49.31999969482422,49.34773,BUY
189,19:21:11,49.279998779296875,49.3308,BUY
190,19:21:11,49.3075008392334,49.32497,BUY
191,19:21:11,49.29750061035156,49.3181,BUY
192,19:21:11,49.3050012588501,49.31483,BUY
193,19:21:11,49.31750011444092,49.3155,SELL
194,19:21:11,49.29999923706055,49.31162,BUY
195,19:21:11,49.28249931335449,49.30434,BUY
196,19:21:11,49.27000045776367,49.29576,BUY
197,19:21:11,49.220001220703125,49.27682,BUY
198,19:21:11,49.23750114440918,49.26699,BUY
199,19:21:11,49.2524995803833,49.26337,BUY
200,19:21:11,49.2400016784668,49.25753,BUY
201,19:21:11,49.2400016784668,49.25314,BUY
202,19:21:11,49.24965000152588,49.25227,BUY
203,19:21:11,49.33000087738037,49.2717,SELL
204,19:21:11,49.31999969482422,49.28378,SELL
205,19:21:11,49.28999900817871,49.28533,SELL
206,19:21:11,49.27499866485596,49.28275,BUY
207,19:21:11,49.209999084472656,49.26456,BUY
208,19:21:11,49.195000648498535,49.24717,BUY
209,19:21:11,49.189998626708984,49.23288,BUY
210,19:21:11,49.132500648498535,49.20778,BUY
211,19:21:11,49.13750076293945,49.19021,BUY
212,19:21:11,49.17500019073486,49.18641,BUY
213,19:21:11,49.142499923706055,49.17543,BUY
214,19:21:11,49.11499881744385,49.16032,BUY
215,19:21:11,49.140000343322754,49.15524,BUY
216,19:21:11,49.162498474121094,49.15706,SELL
217,19:21:11,49.157501220703125,49.15717,SELL
218,19:21:11,49.21000099182129,49.17038,SELL
219,19:21:11,49.1875,49.17466,SELL
220,19:21:11,49.09500026702881,49.15474,BUY
221,19:21:11,49.04624938964844,49.12762,BUY
222,19:21:11,49.05999946594238,49.11071,BUY
223,19:21:11,49.10000133514404,49.10804,BUY
224,19:21:11,49.099998474121094,49.10603,BUY
225,19:21:11,49.09499931335449,49.10327,BUY
226,19:21:11,49.14750003814697,49.11433,SELL
227,19:21:11,49.11500072479248,49.1145,SELL
228,19:21:11,49.130001068115234,49.11837,SELL
229,19:21:11,49.12249946594238,49.1194,SELL
230,19:21:11,49.1299991607666,49.12205,SELL
231,19:21:11,49.18000030517578,49.13654,SELL
232,19:21:11,49.1949987411499,49.15115,SELL
233,19:21:11,49.1949987411499,49.16212,SELL
234,19:21:11,49.220001220703125,49.17659,SELL
235,19:21:11,49.189998626708984,49.17994,SELL
236,19:21:11,49.19000053405762,49.18246,SELL
237,19:21:11,49.222500801086426,49.19247,SELL
238,19:21:11,49.21750068664551,49.19873,SELL
239,19:21:11,49.22125053405762,49.20436,SELL
240,19:21:11,49.22502422332764,49.20952,SELL
241,19:21:11,49.167500495910645,49.19902,BUY
242,19:21:11,49.12249946594238,49.17989,BUY
243,19:21:11,49.072500228881836,49.15304,BUY
244,19:21:11,49.07002544403076,49.13229,BUY
245,19:21:11,49.054999351501465,49.11297,BUY
246,19:21:11,49.05500030517578,49.09847,BUY
247,19:21:11,49.02000045776367,49.07886,BUY
248,19:21:11,49.0550012588501,49.07289,BUY
249,19:21:11,49.02000045776367,49.05967,BUY
250,19:21:11,49.01625061035156,49.04881,BUY
251,19:21:11,49.01249885559082,49.03974,BUY
252,19:21:11,48.9975004196167,49.02918,BUY
253,19:21:11,48.97249889373779,49.01501,BUY
254,19:21:11,48.9449987411499,48.99751,BUY
255,19:21:11,48.9975004196167,48.9975,SELL
256,19:21:11,49.03999900817871,49.00813,SELL
257,19:21:11,49.01624870300293,49.01016,SELL
258,19:21:11,48.99499988555908,49.00637,BUY
259,19:21:11,48.972500801086426,48.9979,BUY
260,19:21:11,48.977500915527344,48.9928,BUY
261,19:21:11,49.0049991607666,48.99585,SELL
262,19:21:11,49.015000343322754,49.00064,SELL
263,19:21:11,48.972500801086426,48.9936,BUY
264,19:21:11,48.972500801086426,48.98833,BUY
265,19:21:11,48.9598503112793,48.98121,BUY
266,19:21:11,48.98500156402588,48.98216,SELL
267,19:21:11,49.02162551879883,48.99202,SELL
268,19:21:11,49.00284957885742,48.99473,SELL
269,19:21:11,48.9975004196167,48.99542,SELL
270,19:21:11,49.017499923706055,49.00094,SELL
271,19:21:11,48.984999656677246,48.99696,BUY
272,19:21:11,48.9737491607666,48.99115,BUY
273,19:21:11,48.98749923706055,48.99024,BUY
274,19:21:11,48.96500110626221,48.98393,BUY
275,19:21:11,48.91749954223633,48.96732,BUY
276,19:21:11,48.93000030517578,48.95799,BUY
277,19:21:11,48.927499771118164,48.95037,BUY
278,19:21:11,48.894999504089355,48.93653,BUY
279,19:21:11,48.83750057220459,48.91177,BUY
280,19:21:11,48.84249973297119,48.89445,BUY
281,19:21:11,48.80000019073486,48.87084,BUY
282,19:21:11,48.75749969482422,48.8425,BUY
283,19:21:11,48.6924991607666,48.805,BUY
284,19:21:11,48.71749973297119,48.78313,BUY
285,19:21:11,48.682498931884766,48.75797,BUY
286,19:21:11,48.6612491607666,48.73379,BUY
287,19:21:11,48.64500045776367,48.71159,BUY
288,19:21:11,48.63749980926514,48.69307,BUY
289,19:21:11,48.707499504089355,48.69668,SELL
290,19:21:11,48.70750045776367,48.69938,SELL
291,19:21:11,48.709999084472656,48.70204,SELL
292,19:21:11,48.65999984741211,48.69153,BUY
293,19:21:11,48.63249969482422,48.67677,BUY
294,19:21:11,48.59499931335449,48.65633,BUY
295,19:21:11,48.547499656677246,48.62912,BUY
296,19:21:11,48.529998779296875,48.60434,BUY
297,19:21:11,48.48749923706055,48.57513,BUY
298,19:21:11,48.4449987411499,48.5426,BUY
299,19:21:11,48.52999973297119,48.53945,BUY
300,19:21:11,48.51749897003174,48.53396,BUY
301,19:21:11,48.492499351501465,48.5236,BUY
302,19:21:11,48.46999931335449,48.5102,BUY
303,19:21:11,48.502498626708984,48.50827,BUY
304,19:21:11,48.472500801086426,48.49933,BUY
305,19:21:11,48.47749996185303,48.49387,BUY
306,19:21:11,48.46249866485596,48.48603,BUY
307,19:21:11,48.47249984741211,48.48265,BUY
308,19:21:11,48.4350004196167,48.47073,BUY
309,19:21:11,48.40500068664551,48.4543,BUY
310,19:21:11,48.39750003814697,48.4401,BUY
311,19:21:11,48.439998626708984,48.44008,BUY
312,19:21:11,48.47999954223633,48.45006,SELL
313,19:21:11,48.59000015258789,48.48504,SELL
314,19:21:11,48.744998931884766,48.55003,SELL
315,19:21:11,48.885000228881836,48.63377,SELL
316,19:21:11,48.757500648498535,48.66471,SELL
317,19:21:11,48.810001373291016,48.70103,SELL
318,19:21:11,48.74499988555908,48.71202,SELL
319,19:21:11,48.730000495910645,48.71652,SELL
320,19:21:11,48.71000099182129,48.71489,BUY
321,19:21:11,48.632500648498535,48.69429,BUY
322,19:21:11,48.61500072479248,48.67447,BUY
323,19:21:11,48.709999084472656,48.68335,SELL
324,19:21:11,48.7524995803833,48.70064,SELL
325,19:21:11,48.704999923706055,48.70173,SELL
326,19:21:11,48.68499946594238,48.69755,BUY
327,19:21:11,48.60875129699707,48.67535,BUY
328,19:21:11,48.61637592315674,48.6606,BUY
329,19:21:11,48.66499996185303,48.6617,SELL
330,19:21:11,48.65500068664551,48.66003,BUY
331,19:21:11,48.65499973297119,48.65877,BUY
332,19:21:11,48.5625,48.6347,BUY
333,19:21:11,48.51324939727783,48.60434,BUY
334,19:21:11,48.451250076293945,48.56607,BUY
335,19:21:11,48.375,48.5183,BUY
336,19:21:11,48.441250801086426,48.49904,BUY
337,19:21:11,48.55250072479248,48.5124,SELL
338,19:21:11,48.55749988555908,48.52368,SELL
339,19:21:11,48.58250141143799,48.53838,SELL
340,19:21:11,48.58250045776367,48.54941,SELL
341,19:21:11,48.60249996185303,48.56268,SELL
342,19:21:11,48.59999942779541,48.57201,SELL
343,19:21:11,48.55999946594238,48.56901,BUY
344,19:21:11,48.53749942779541,48.56113,BUY
345,19:21:11,48.5024995803833,48.54647,BUY
346,19:21:11,48.542500495910645,48.54548,BUY
347,19:21:11,48.54250144958496,48.54474,BUY
348,19:21:11,48.5962495803833,48.55761,SELL
349,19:21:11,48.66499900817871,48.58446,SELL
350,19:21:11,48.69499969482422,48.6121,SELL
351,19:21:11,48.69749927520752,48.63345,SELL
352,19:21:11,48.652499198913574,48.63821,SELL
353,19:21:11,48.69000053405762,48.65116,SELL
354,19:21:11,48.68370056152344,48.65929,SELL
355,19:21:11,48.667500495910645,48.66134,SELL
356,19:21:11,48.708749771118164,48.6732,SELL
357,19:21:11,48.69749927520752,48.67927,SELL
358,19:21:11,48.687500953674316,48.68133,SELL
359,19:21:11,48.72499942779541,48.69225,SELL
360,19:21:11,48.77999973297119,48.71418,SELL
361,19:21:11,48.81500053405762,48.73939,SELL
362,19:21:11,48.75500011444092,48.74329,SELL
363,19:21:11,48.75125026702881,48.74528,SELL
364,19:21:11,48.87249946594238,48.77709,SELL
365,19:21:11,48.85000038146973,48.79531,SELL
366,19:21:11,48.78999900817871,48.79399,BUY
367,19:21:11,48.78750038146973,48.79236,BUY
368,19:21:11,48.750000953674316,48.78177,BUY
369,19:21:11,48.7450008392334,48.77258,BUY
370,19:21:11,48.75374984741211,48.76787,BUY
371,19:21:11,48.78250026702881,48.77153,SELL
372,19:21:11,48.75500011444092,48.7674,BUY
373,19:21:11,48.71000003814697,48.75305,BUY
374,19:21:11,48.73,48.74729,BUY
375,19:21:11,47.6615,48.47584,BUY
376,19:21:11,48.31,48.43438,BUY
377,19:21:11,48.69,48.49828,SELL
378,19:21:11,48.6,48.52371,SELL
379,19:21:11,48.7,48.56779,SELL
380,19:21:11,48.699999999999996,48.60084,SELL
